[Mourad\143\Foam\Closed\BDS01714.txt]
1200 samples
60 Markov chains

(1,3)(2,3)(1,2)(1,1)(1,1)(1,1)(1,1)(1,2)(1,3)(1,4)(1,3)(1,4)(1,3)(1,2)(1,2)(1,2)(1,4)(1,4)(1,3)(1,1)(1,2)
(1,2)(1,3)(1,2)(1,2)(1,2)(1,3)(1,3)(1,4)(1,3)(1,2)(1,2)(1,1)(1,2)(1,2)(1,1)(1,1)(1,2)(1,2)(1,3)(1,3)(1,3)
(1,3)(1,3)(1,2)(1,1)(1,1)(1,1)(1,2)(1,3)(1,4)(1,3)(1,3)(2,3)(1,3)(1,3)(1,2)(1,1)(1,3)(2,3)(2,4)(3,4)(3,5)
(3,5)(3,5)(1,4)(1,3)(1,3)(1,2)(1,1)(1,2)(1,3)(1,3)(1,3)(1,3)(1,4)(1,4)(1,5)(1,5)(1,4)(1,4)(1,4)(1,3)(1,3)
(1,3)(1,3)(1,2)(1,4)(1,7)(1,7)(1,6)(3,8)(2,5)(3,5)(4,4)(3,3)(4,3)(2,3)(1,2)(1,2)(1,4)(2,4)(2,4)(1,2)(1,2)
(1,2)(1,3)(1,2)(2,3)(2,4)(2,4)(2,3)(2,4)(2,5)(1,4)(1,4)(1,3)(1,3)(1,2)(1,1)(1,1)(1,2)(1,2)(1,2)(1,1)(1,2)
(1,2)(1,2)(1,2)(1,3)(1,3)(1,3)(1,2)(1,3)(1,3)(1,4)(1,4)(1,4)(1,4)(1,4)(1,3)(1,4)(1,4)(1,4)(1,9)(1,10)(2,10)
(2,10)(3,10)(3,6)(4,7)(2,4)(1,4)(1,2)(1,2)(2,4)(1,3)(1,2)(1,1)(1,2)(1,3)(1,4)(2,3)(2,3)(2,2)(2,3)(1,3)(1,2)
(1,2)(1,1)(1,3)(3,5)(4,3)(3,2)(3,2)(3,2)(1,3)(1,3)(1,3)(1,3)(1,3)(1,2)(1,2)(1,2)(1,1)(1,1)(1,1)(1,3)(1,4)
(1,4)(1,2)(2,3)(2,3)(2,3)(1,2)(1,2)(1,2)(1,1)(1,1)(1,1)(1,2)(2,3)(2,4)(2,3)(1,1)(1,2)(1,2)(1,2)(1,2)(1,2)
(1,2)(1,1)(1,2)(2,2)(1,2)(1,2)(1,1)(1,1)(1,1)(1,1)(1,1)(1,1)(1,1)(1,1)(1,1)(1,1)(1,1)(1,1)(1,1)(1,1)(1,1)
(1,1)(1,1)(1,1)(1,2)(1,1)(1,1)(1,2)(1,2)(1,2)(1,2)(1,3)(1,4)(1,2)(1,2)(1,2)(1,2)(1,2)(1,1)(1,1)(1,1)(1,2)
(1,2)(1,3)(1,2)(1,1)(1,2)(1,2)(1,2)(1,1)(1,1)(1,1)(1,1)(1,2)(1,2)(1,2)(1,1)(1,1)(1,1)(1,1)(1,1)(1,1)(1,2)
(1,2)(1,1)(1,1)(1,1)(1,1)(1,2)(1,1)(1,1)(1,1)(1,1)(1,1)(1,1)(1,1)(1,1)(1,1)(1,1)(1,1)(1,1)(1,1)(1,1)(1,1)
(1,1)(1,1)(1,1)(1,1)(1,1)(1,1)(1,1)(1,1)(1,1)(1,1)(1,1)(1,1)(1,1)(1,1)(1,1)(1,1)(1,1)(1,1)(1,1)(1,1)(1,1)
(1,1)(1,1)(1,1)(1,1)(1,1)(1,1)(1,1)(1,1)(1,1)(1,2)(1,2)(1,2)(1,2)(1,1)(1,1)(1,1)(1,1)(1,2)(1,2)(1,1)(1,1)
(1,1)(1,1)(1,1)(1,1)(1,1)(1,2)(2,3)(2,3)(1,3)(1,2)(1,2)(1,2)(1,2)(1,1)(1,1)(1,1)(1,2)(1,3)(1,3)(1,3)(1,2)
(1,2)(1,2)(1,2)(1,3)(1,3)(1,3)(1,4)(2,5)(3,5)(5,5)(3,4)(2,5)(1,4)(1,4)(1,4)(1,2)(1,3)(1,3)(1,4)(1,4)(1,4)
(1,4)(1,4)(1,4)(1,3)(1,3)(1,2)(1,2)(1,3)(1,5)(2,8)(2,6)(2,5)(2,5)(1,4)(1,2)(1,2)(1,2)(1,1)(1,1)(1,1)(1,2)
(1,2)(1,2)(1,3)(1,3)(1,4)(1,3)(1,2)(1,2)(1,3)(1,4)(1,4)(1,3)(1,2)(1,2)(1,4)(1,5)(1,4)(1,3)(1,1)(1,1)(1,1)
(1,1)(1,1)(1,1)(1,1)(1,2)(1,3)(1,2)(1,1)(1,2)(1,4)(1,4)(1,4)(1,3)(1,2)(1,2)(1,1)(1,1)(1,1)(1,1)(1,1)(1,1)
(1,1)(1,2)(1,1)(1,1)(1,1)(1,1)(1,1)(1,1)(1,2)(1,1)(1,1)(1,1)(1,1)(1,1)(1,1)(1,2)(1,2)(1,1)(1,2)(1,2)(1,2)
(1,2)(1,3)(1,3)(2,4)(2,4)(2,3)(2,4)(1,2)(1,1)(1,1)(1,2)(2,3)(1,2)(1,1)(1,1)(1,1)(1,1)(1,1)(1,1)(1,1)(1,1)
(1,1)(1,1)(1,1)(1,1)(1,1)(1,1)(1,1)(1,1)(1,1)(1,1)(1,1)(2,2)(2,2)(2,2)(2,2)(1,3)(1,3)(1,2)(1,2)(1,2)(1,2)
(1,2)(1,2)(1,1)(1,1)(1,2)(1,2)(1,2)(1,1)(1,2)(1,2)(1,3)(2,3)(2,4)(2,4)(2,3)(1,2)(1,2)(1,2)(1,2)(1,2)(1,2)
(1,2)(1,2)(1,2)(1,1)(1,2)(1,2)(1,2)(1,3)(1,3)(1,1)(1,1)(1,1)(1,1)(1,2)(1,1)(1,1)(1,2)(1,2)(1,1)(1,1)(1,1)
(1,1)(1,1)(1,2)(1,2)(1,3)(1,3)(1,2)(1,1)(1,1)(1,1)(1,1)(1,3)(1,4)(1,4)(1,3)(1,2)(1,1)(1,2)(1,3)(1,4)(1,3)
(1,3)(1,1)(1,1)(1,4)(1,6)(1,5)(1,4)(1,2)(1,1)(1,2)(1,3)(1,4)(2,5)(1,3)(1,1)(2,4)(2,6)(2,9)(1,8)(1,8)(1,5)
(1,5)(1,2)(1,3)(1,4)(1,1)(1,1)(1,1)(1,1)(1,2)(1,1)(1,2)(1,2)(1,1)(1,2)(1,3)(1,3)(1,2)(1,1)(1,2)(1,2)(1,1)
(1,1)(1,1)(1,2)(1,3)(1,4)(1,4)(1,4)(1,2)(1,1)(1,1)(1,1)(1,2)(1,3)(1,2)(1,1)(1,2)(1,2)(1,2)(1,2)(1,1)(1,1)
(1,1)(1,1)(1,1)(1,1)(1,1)(1,2)(1,1)(1,1)(1,2)(1,1)(1,1)(1,1)(1,1)(1,2)(1,3)(2,3)(1,3)(1,2)(1,2)(1,3)(1,3)
(1,3)(1,2)(1,1)(1,1)(1,1)(1,2)(1,3)(2,6)(2,5)(2,4)(1,3)(1,2)(1,2)(1,2)(1,1)(1,1)(1,1)(1,2)(1,3)(1,2)(1,2)
(1,2)(1,2)(1,2)(1,1)(1,1)(1,1)(1,1)(1,1)(1,1)(1,1)(1,1)(1,1)(1,1)(1,1)(1,1)(1,2)(1,2)(1,3)(1,2)(1,1)(1,2)
(1,2)(1,2)(1,2)(1,2)(1,2)(1,3)(1,3)(1,2)(1,1)(1,1)(1,1)(1,1)(1,1)(1,1)(1,1)(1,2)(1,3)(1,4)(1,4)(1,4)(1,3)
(1,3)(1,2)(1,1)(1,1)(1,2)(1,1)(1,2)(1,2)(1,3)(1,4)(2,5)(2,6)(1,4)(1,2)(1,2)(1,2)(1,3)(1,2)(1,2)(1,5)(1,4)
(1,4)(2,4)(2,2)(1,2)(1,2)(1,1)(1,1)(1,1)(2,2)(3,3)(2,2)(2,2)(1,1)(1,1)(1,1)(1,1)(1,2)(1,2)(1,3)(1,4)(1,4)
(1,4)(1,3)(1,1)(1,2)(1,2)(1,2)(1,2)(1,2)(1,2)(1,1)(1,1)(1,1)(1,2)(1,2)(1,2)(1,2)(1,2)(1,2)(1,2)(1,2)(1,2)
(1,2)(1,2)(1,2)(1,1)(1,1)(1,1)(1,1)(1,2)(1,2)(1,2)(1,1)(1,1)(1,1)(1,1)(1,2)(1,2)(1,2)(1,2)(1,2)(1,2)(1,3)
(1,3)(1,3)(1,2)(1,1)(1,2)(1,3)(1,4)(2,5)(2,6)(2,7)(2,6)(1,3)(1,1)(1,1)(1,1)(1,1)(1,1)(1,2)(1,1)(1,3)(1,4)
(1,4)(1,4)(1,2)(1,2)(1,1)(1,2)(1,2)(1,2)(1,2)(1,2)(1,3)(1,3)(1,1)(1,2)(1,3)(1,4)(1,3)(1,1)(1,2)(1,2)(1,3)
(1,3)(1,3)(1,4)(1,4)(1,4)(5,4)(6,4)(1,5)(1,5)(1,3)(1,1)(1,2)(2,3)(3,5)(3,5)(3,4)(2,3)(1,2)(1,2)(1,2)(1,2)
(1,2)(1,1)(1,1)(1,2)(1,1)(1,1)(1,1)(1,2)(2,3)(2,3)(1,1)(1,1)(1,1)(1,1)(1,1)(1,1)(1,1)(1,1)(1,1)(1,1)(1,1)
(1,1)(1,2)(1,3)(1,2)(1,2)(1,2)(1,1)(1,1)(1,1)(1,1)(1,1)(1,1)(1,2)(1,1)(1,1)(1,1)(1,2)(1,2)(1,2)(1,1)(1,1)
(1,1)(1,2)(1,2)(1,2)(1,2)(1,2)(1,2)(1,2)(1,2)(1,2)(1,2)(1,2)(1,2)(1,1)(1,1)(1,2)(1,4)(2,6)(5,8)(4,9)(2,7)
(2,7)(1,5)(1,5)(1,4)(1,3)(1,1)(1,1)(1,1)(1,3)(1,4)(1,2)(1,2)(1,2)(1,1)(1,2)(1,4)(1,6)(2,7)(2,6)(1,5)(1,4)
(1,4)(1,2)(1,1)(1,4)(2,7)(2,7)(2,6)(1,4)(1,2)(1,1)(1,1)(1,3)(1,5)(1,4)(1,4)(1,3)(1,2)(1,2)(1,2)(1,2)(1,2)
(1,2)(1,2)(1,2)(2,3)(2,4)(1,2)(1,1)(1,2)(2,2)(2,3)(1,3)(1,3)(1,4)(1,4)(1,3)(1,2)(1,1)(1,2)(1,3)(1,4)(1,4)
(1,4)(1,4)(1,3)(1,2)(1,2)(1,3)(1,4)(1,4)(1,3)(1,1)(1,1)(1,3)(1,3)(1,3)(1,3)(1,3)(1,3)(1,3)(1,3)(2,3)(1,3)
(1,3)(1,2)(1,2)(1,2)(1,2)(1,2)(1,1)(1,1)(1,2)(1,2)(1,2)(1,1)(1,1)(1,1)(1,1)(1,1)(1,2)(1,2)(1,2)(1,2)(1,2)
(1,2)(1,2)(1,2)(1,2)(1,1)(1,1)(1,1)(1,1)(1,1)(1,1)(2,2)(2,3)(2,2)(1,2)(1,1)(1,1)(1,2)(1,3)(1,3)(1,3)(1,2)
(1,2)(1,1)(1,1)(1,1)(1,3)(1,4)(2,6)(5,9)(5,8)(2,5)(1,2)(1,2)(1,2)(1,3)(1,3)(1,2)(1,1)(1,1)(1,2)(1,1)(1,1)
(1,1)(1,1)(1,2)(1,2)(1,2)(1,2)(1,2)(1,3)(1,3)(1,1)(1,2)(1,2)(1,2)(1,2)(1,2)(1,4)(1,4)(1,3)(1,2)(1,2)(1,2)
(1,2)(1,2)(1,2)(1,2)(1,3)(1,4)(1,4)(1,4)(1,3)(1,2)(1,2)(1,4)(1,5)(1,5)(1,4)(1,3)(1,3)(1,3)(1,4)(1,4)(1,3)
(1,3)(1,2)(1,2)(1,1)(1,1)(1,1)(1,1)(1,1)(1,2)(1,2)(1,3)(1,2)(1,2)(1,1)(1,1)(1,1)(1,1)(1,1)(1,1)(1,1)(1,2)
(1,2)(1,3)(2,3)(1,2)(1,1)(1,2)(1,1)(1,2)(1,1)(1,1)(1,2)(1,2)(1,3)(1,3)(1,3)(1,2)(1,2)(1,2)(1,2)(1,2)(1,1)
(1,1)(1,1)(1,1)(1,1)(1,1)(1,1)(1,1)(1,2)(1,3)(1,3)(1,3)(1,2)(1,2)(1,1)(1,1)(1,2)(1,2)(1,4)(1,5)(2,6)(2,5)
(2,5)(2,6)(1,4)(1,2)(1,2)(1,2)(1,1)(1,1)(1,1)(1,2)(1,2)(1,2)(1,3)(1,3)(2,3)(1,2)(1,2)(1,2)(1,2)(1,2)(1,1)
(1,1)(1,1)(1,2)(1,2)(1,1)(1,2)(1,2)(1,3)(1,3)(1,3)(1,3)(2,3)(2,2)(1,2)(1,2)(1,1)(1,1)(1,1)(1,1)(1,2)(1,2)
(1,2)(1,1)(1,1)(1,1)(1,1)(1,1)(1,1)(1,1)(1,2)(1,2)(1,2)(1,2)(1,2)(1,1)(1,1)(1,2)(1,1)(1,1)(1,1)(1,2)(1,3)
(1,3)(1,2)(1,2)(1,2)(2,4)(2,4)(3,4)(3,3)(1,1)(1,1)(1,1)(1,2)(2,3)(0,5)(4,7)(1,6)(1,4)(1,1)(1,2)
__________________________________________________________________________________________
[Mourad\143\Foam\Closed\BDS01715.txt]
1200 samples
60 Markov chains

(1,2)(1,2)(1,3)(1,3)(1,4)(1,6)(1,3)(1,3)(1,3)(1,5)(1,5)(1,3)(1,1)(1,3)(1,2)(1,4)(1,7)(1,7)(1,4)(1,3)(1,3)
(1,3)(1,3)(1,4)(1,3)(1,3)(1,1)(1,3)(1,5)(1,6)(1,4)(1,3)(1,2)(1,1)(1,2)(1,3)(1,3)(1,2)(1,2)(1,2)(1,3)(1,2)
(1,2)(1,1)(1,1)(1,2)(1,3)(1,5)(1,4)(1,3)(1,2)(1,2)(1,2)(1,2)(1,3)(1,2)(1,3)(1,4)(1,3)(1,5)(2,6)(1,2)(1,2)
(1,2)(1,3)(1,4)(1,3)(1,4)(1,4)(1,5)(1,5)(1,3)(1,1)(1,1)(1,2)(1,4)(1,6)(1,6)(1,4)(1,2)(1,2)(1,2)(1,2)(1,1)
(1,1)(1,2)(1,2)(1,2)(1,1)(1,2)(1,3)(1,3)(1,2)(1,1)(1,1)(1,1)(1,2)(1,2)(1,3)(1,3)(1,3)(1,3)(1,1)(1,2)(1,2)
(1,2)(1,2)(1,2)(1,3)(1,2)(1,1)(1,1)(1,2)(1,1)(1,2)(1,2)(1,3)(1,4)(1,5)(1,4)(1,2)(1,1)(1,1)(1,2)(1,3)(1,5)
(1,5)(1,2)(1,1)(1,2)(1,3)(1,3)(1,4)(1,4)(1,4)(1,3)(1,1)(1,1)(1,1)(1,2)(1,4)(1,5)(1,5)(1,4)(1,3)(1,2)(1,2)
(1,2)(1,2)(1,2)(1,2)(1,2)(1,1)(1,1)(1,1)(1,1)(1,2)(1,3)(1,3)(1,3)(1,2)(1,1)(1,1)(1,2)(1,3)(1,3)(1,3)(1,2)
(1,2)(1,2)(1,2)(1,3)(1,2)(1,1)(1,1)(1,1)(1,2)(1,3)(1,2)(1,2)(1,1)(1,1)(1,1)(1,2)(1,3)(1,4)(1,4)(1,2)(1,2)
(1,2)(1,2)(1,1)(1,2)(1,2)(1,3)(1,3)(1,3)(1,3)(1,2)(1,1)(1,1)(1,1)(1,3)(1,3)(1,2)(1,2)(1,2)(1,1)(1,1)(1,1)
(1,1)(1,2)(1,2)(1,1)(1,1)(1,1)(1,1)(1,1)(1,2)(1,3)(1,2)(1,1)(1,1)(1,2)(1,1)(1,2)(1,2)(1,2)(1,2)(1,1)(1,1)
(1,1)(1,1)(1,1)(1,1)(1,2)(1,3)(1,3)(1,2)(1,2)(1,2)(1,3)(1,3)(1,3)(1,3)(1,3)(1,3)(1,3)(1,3)(1,4)(1,3)(1,3)
(1,3)(1,2)(1,1)(1,1)(1,1)(1,1)(1,2)(1,2)(1,3)(1,3)(1,2)(1,3)(1,3)(1,1)(1,1)(1,1)(1,1)(1,2)(1,3)(1,4)(1,3)
(1,3)(1,1)(1,1)(1,1)(1,2)(1,2)(1,3)(1,5)(1,4)(1,2)(1,2)(1,3)(1,4)(1,4)(1,4)(1,2)(1,1)(1,2)(1,3)(1,3)(1,3)
(1,3)(1,5)(1,6)(1,5)(1,4)(1,3)(1,2)(1,1)(1,2)(1,2)(1,3)(1,4)(1,4)(1,2)(1,1)(1,2)(1,2)(1,3)(1,3)(1,4)(1,3)
(1,3)(1,3)(1,1)(1,1)(1,2)(1,2)(1,4)(1,5)(1,3)(1,3)(1,2)(1,1)(1,2)(1,2)(1,2)(1,2)(1,3)(1,1)(1,1)(1,2)(1,2)
(1,2)(1,2)(1,2)(1,3)(1,4)(1,2)(1,1)(1,2)(1,3)(1,2)(1,2)(1,1)(1,2)(1,3)(1,4)(1,4)(1,4)(1,4)(1,4)(1,3)(1,3)
(1,3)(1,2)(1,3)(1,6)(1,9)(1,8)(1,7)(1,5)(1,2)(1,2)(1,3)(1,3)(1,6)(1,9)(1,10)(1,9)(1,6)(1,4)(1,1)(1,2)(1,4)
(1,4)(1,5)(1,5)(1,3)(1,2)(1,1)(1,2)(1,2)(1,2)(1,3)(1,2)(1,1)(1,2)(1,1)(1,1)(1,2)(1,1)(1,2)(1,4)(1,4)(1,4)
(1,4)(1,3)(1,1)(1,2)(1,2)(1,1)(1,1)(1,3)(1,3)(1,2)(1,1)(1,1)(1,1)(1,1)(1,1)(1,1)(1,1)(1,1)(1,1)(1,1)(1,1)
(1,1)(1,1)(1,3)(1,4)(1,4)(1,3)(1,3)(1,3)(1,3)(1,3)(1,3)(1,2)(1,2)(1,2)(1,3)(1,4)(1,5)(1,3)(1,2)(1,2)(1,3)
(1,3)(1,3)(1,3)(1,2)(1,2)(1,1)(1,1)(1,1)(1,2)(1,5)(1,7)(1,4)(1,2)(1,2)(1,2)(1,1)(1,2)(1,3)(1,4)(1,3)(1,2)
(1,2)(1,1)(1,1)(1,1)(1,1)(1,2)(1,1)(1,1)(1,2)(1,2)(1,2)(1,2)(1,1)(1,1)(1,1)(1,2)(1,2)(1,2)(1,2)(1,2)(1,1)
(1,1)(1,1)(1,1)(1,1)(1,1)(1,1)(1,1)(1,1)(1,1)(1,1)(1,1)(1,2)(1,1)(1,1)(1,2)(1,3)(1,3)(1,2)(1,2)(1,2)(1,2)
(1,2)(1,1)(1,1)(1,1)(1,1)(1,1)(1,2)(1,2)(1,1)(1,1)(1,1)(1,2)(1,2)(1,2)(1,2)(1,1)(1,2)(1,2)(1,2)(1,1)(1,1)
(1,1)(1,1)(1,1)(1,1)(1,1)(1,1)(1,2)(1,2)(1,2)(1,2)(1,1)(1,2)(1,1)(1,1)(1,1)(1,1)(1,1)(1,1)(1,2)(1,2)(1,3)
(1,3)(1,3)(1,3)(1,3)(1,3)(1,2)(1,2)(1,1)(1,1)(1,1)(1,1)(1,2)(1,3)(1,4)(1,5)(1,4)(1,5)(1,4)(1,3)(1,3)(1,3)
(1,3)(1,2)(1,1)(1,2)(1,2)(1,1)(1,2)(1,2)(1,4)(1,4)(1,2)(1,1)(1,1)(1,1)(1,2)(1,3)(1,7)(1,6)(1,5)(1,4)(1,1)
(1,1)(1,1)(1,1)(1,2)(1,5)(1,6)(1,5)(1,2)(1,2)(1,3)(1,2)(1,2)(1,3)(1,3)(1,3)(1,3)(1,2)(1,3)(1,4)(1,3)(1,2)
(1,2)(1,1)(1,1)(1,1)(1,1)(1,1)(1,2)(1,3)(1,3)(1,3)(1,2)(1,2)(1,1)(1,2)(1,3)(1,2)(1,2)(1,1)(1,1)(1,1)(1,1)
(1,1)(1,1)(1,2)(1,2)(1,4)(1,4)(1,3)(1,2)(1,2)(1,2)(1,3)(1,3)(1,3)(2,4)(1,3)(1,1)(1,1)(1,1)(1,2)(1,3)(2,4)
(2,4)(1,4)(1,3)(1,2)(1,1)(1,1)(1,1)(1,2)(1,1)(1,3)(1,3)(1,2)(1,2)(1,2)(1,2)(1,2)(1,2)(1,2)(1,1)(1,2)(1,4)
(1,4)(10,8)(2,8)(1,6)(1,4)(1,1)(1,1)(1,2)(1,3)(1,4)(1,5)(1,3)(1,2)(1,1)(1,3)(1,3)(1,3)(1,3)(1,3)(1,2)(1,1)
(1,1)(1,2)(1,1)(1,2)(1,2)(1,1)(1,1)(1,1)(1,1)(1,2)(1,3)(1,4)(1,3)(1,2)(1,1)(1,1)(1,1)(1,1)(1,1)(1,2)(1,2)
(1,2)(1,4)(1,6)(1,6)(2,5)(1,3)(1,2)(1,2)(1,1)(1,1)(1,1)(1,1)(1,2)(1,3)(1,3)(1,3)(1,1)(1,1)(1,1)(1,2)(1,3)
(1,3)(1,4)(1,4)(1,3)(1,2)(1,2)(1,2)(1,3)(1,4)(1,4)(1,3)(1,2)(1,2)(1,2)(1,1)(1,1)(1,1)(1,2)(1,3)(1,3)(1,2)
(1,2)(1,1)(1,2)(1,2)(1,2)(1,3)(1,4)(1,6)(1,5)(1,5)(1,4)(1,3)(1,4)(1,5)(1,6)(1,5)(1,4)(1,1)(1,2)(1,3)(1,4)
(1,4)(1,7)(1,8)(1,7)(1,4)(1,2)(1,2)(1,3)(1,3)(1,1)(1,3)(1,3)(1,1)(1,2)(1,3)(1,3)(1,2)(1,2)(1,2)(1,1)(1,1)
(1,1)(1,3)(1,3)(1,2)(1,1)(1,1)(1,2)(1,1)(1,1)(1,3)(1,3)(1,2)(1,1)(1,2)(1,2)(1,3)(1,4)(1,5)(2,6)(3,5)(2,3)
(2,3)(1,2)(1,1)(1,1)(1,2)(1,1)(1,3)(2,4)(2,3)(2,3)(1,2)(1,2)(1,2)(1,4)(1,5)(1,5)(1,4)(1,3)(1,3)(1,3)(1,3)
(1,3)(1,2)(1,1)(1,2)(1,3)(1,5)(1,6)(1,6)(1,5)(1,3)(1,2)(1,1)(1,1)(1,1)(1,2)(1,3)(1,3)(1,2)(1,1)(1,2)(1,2)
(1,2)(1,1)(1,1)(1,2)(1,1)(1,1)(1,1)(1,1)(1,1)(1,1)(1,1)(1,2)(1,2)(1,1)(1,1)(1,1)(1,1)(1,1)(1,1)(1,1)(1,2)
(1,2)(1,2)(1,2)(1,1)(1,1)(1,1)(1,1)(1,2)(1,2)(1,1)(1,1)(1,1)(1,1)(1,1)(1,1)(1,2)(1,2)(1,2)(1,3)(1,3)(1,2)
(1,2)(1,1)(1,1)(1,1)(1,1)(1,1)(1,1)(1,1)(1,1)(1,1)(1,1)(1,1)(1,1)(1,1)(1,1)(1,1)(1,1)(1,1)(1,1)(1,1)(1,1)
(1,1)(1,1)(1,1)(1,1)(1,1)(1,1)(1,1)(1,1)(1,1)(1,1)(1,1)(1,1)(1,1)(1,2)(1,2)(1,3)(1,4)(1,4)(1,2)(1,1)(1,1)
(1,1)(1,1)(1,2)(1,3)(1,4)(1,4)(1,3)(1,3)(1,3)(1,2)(1,2)(1,3)(1,3)(1,4)(1,5)(1,5)(1,5)(1,5)(1,4)(1,3)(1,3)
(1,3)(1,3)(1,3)(1,3)(1,3)(1,4)(1,3)(1,2)(1,2)(1,2)(1,1)(1,2)(1,2)(1,2)(1,2)(1,2)(1,2)(1,1)(1,1)(1,1)(1,1)
(1,1)(1,2)(1,2)(1,3)(1,3)(1,3)(1,3)(1,3)(1,4)(1,3)(1,1)(1,1)(1,3)(1,4)(1,3)(1,1)(1,1)(1,1)(1,1)(1,1)(1,1)
(1,1)(1,2)(1,1)(1,1)(1,1)(1,1)(1,1)(1,1)(1,1)(1,1)(1,1)(1,1)(1,1)(1,1)(1,2)(1,2)(1,2)(1,2)(1,2)(1,3)(1,3)
(1,3)(1,2)(1,1)(1,2)(1,3)(1,3)(1,3)(1,3)(1,2)(1,1)(1,1)(1,1)(1,1)(1,1)(1,1)(1,2)(1,2)(1,1)(1,1)(1,1)(1,1)
(1,1)(1,2)(1,2)(1,3)(1,2)(1,2)(1,2)(1,1)(1,1)(1,1)(1,1)(1,1)(1,1)(1,2)(1,2)(1,4)(1,4)(1,4)(1,2)(1,1)(1,2)
(1,2)(1,3)(1,4)(1,4)(1,4)(1,3)(1,1)(1,1)(1,1)(1,2)(1,2)(1,1)(1,1)(1,1)(1,1)(1,2)(1,1)(1,1)(1,1)(1,1)(1,2)
(1,2)(1,2)(1,2)(1,3)(1,3)(1,3)(1,2)(1,2)(1,3)(1,3)(1,3)(1,3)(1,2)(1,2)(1,1)(1,1)(1,2)(1,4)(1,4)(1,3)(1,3)
(1,3)(1,4)(1,4)(1,2)(1,3)(1,2)(1,2)(1,1)(1,2)(1,2)(1,2)(1,4)(1,4)(1,4)(1,3)(1,2)(1,2)(1,1)(1,1)(1,1)(1,2)
(1,2)(1,2)(1,1)(1,2)(1,2)(1,2)(1,2)(1,3)(1,3)(1,3)(1,1)(1,1)(1,1)(1,1)(1,1)(1,2)(1,3)(1,2)(1,4)(1,6)(1,3)
(1,3)(1,2)(1,2)(1,2)(1,2)(1,2)(1,2)(1,3)(1,2)(1,2)(1,1)(1,1)(1,2)(1,3)(1,4)(1,4)(1,3)(1,3)(1,1)(1,1)(1,1)
(1,1)(1,1)(1,1)(1,1)(1,1)(1,2)(1,2)(1,1)(1,1)(1,2)(1,1)(1,1)(1,1)(1,1)(1,1)(1,1)(1,2)(1,2)(1,2)(1,2)(1,1)
(1,1)(1,1)(1,1)(1,1)(1,1)(1,1)(1,1)(1,1)(1,2)(1,3)(1,4)(1,5)(1,6)(1,3)(1,1)(1,2)(1,1)(1,1)(1,1)(1,1)(1,2)
(1,2)(1,2)(1,1)(1,2)(1,3)(1,3)(1,2)(1,2)(1,2)(1,2)(1,2)(1,2)(1,2)(1,1)(1,1)(1,1)(1,1)(1,1)(1,1)(1,1)(1,2)
(1,2)(1,2)(1,2)(1,3)(1,3)(1,3)(1,3)(1,2)(1,2)(1,2)(1,1)(1,1)(1,2)(1,1)(1,1)(1,2)(1,3)(2,5)(2,4)
__________________________________________________________________________________________
[Mourad\143\Foam\Closed\BDS01716.txt]
1200 samples
60 Markov chains

(1,0)(1,4)(1,2)(1,3)(1,2)(1,2)(1,2)(1,2)(1,3)(1,2)(1,1)(1,3)(1,4)(1,3)(1,3)(2,5)(2,5)(3,5)(2,3)(2,3)(2,3)
(2,3)(1,2)(1,3)(1,2)(1,2)(1,3)(1,2)(1,1)(1,1)(1,3)(1,2)(1,3)(1,2)(1,1)(1,1)(1,2)(1,4)(2,5)(1,5)(1,3)(1,1)
(1,1)(1,3)(1,2)(1,1)(1,1)(1,1)(1,1)(1,2)(1,2)(1,2)(1,2)(1,1)(1,1)(1,2)(1,2)(1,1)(1,1)(1,1)(1,2)(1,2)(1,3)
(1,3)(1,2)(1,1)(1,1)(1,1)(1,1)(1,2)(1,1)(1,1)(1,1)(1,1)(1,2)(1,1)(1,1)(1,1)(1,1)(1,1)(1,2)(1,2)(1,2)(1,2)
(1,2)(1,2)(1,1)(1,1)(1,1)(1,1)(1,2)(1,1)(1,1)(1,1)(1,1)(1,1)(1,1)(1,1)(1,1)(1,3)(1,4)(2,4)(3,3)(2,2)(1,1)
(1,1)(1,2)(1,1)(1,1)(1,1)(1,1)(1,1)(1,1)(1,1)(1,2)(1,2)(1,3)(1,2)(1,4)(2,5)(1,4)(1,3)(1,2)(1,2)(1,2)(1,3)
(1,3)(1,2)(1,2)(1,2)(1,2)(1,3)(1,3)(1,2)(1,1)(1,2)(1,2)(1,1)(1,1)(1,1)(1,1)(1,2)(1,3)(1,3)(1,2)(1,2)(1,1)
(1,1)(1,2)(2,2)(1,3)(1,2)(1,1)(1,1)(1,1)(1,1)(1,2)(1,3)(1,2)(1,1)(3,2)(6,1)(3,1)(5,2)(2,2)(1,3)(1,3)(1,3)
(1,3)(1,3)(1,2)(1,1)(1,1)(1,1)(1,2)(1,3)(1,3)(1,3)(1,1)(1,1)(1,1)(1,1)(1,1)(1,1)(1,1)(1,1)(1,1)(1,2)(1,3)
(1,3)(1,3)(1,1)(1,1)(1,2)(1,2)(1,2)(1,1)(1,1)(1,1)(1,1)(1,1)(1,2)(1,3)(1,2)(1,1)(1,2)(1,2)(1,1)(1,1)(1,1)
(1,1)(1,1)(1,1)(1,3)(1,4)(1,3)(1,3)(2,3)(1,2)(2,3)(1,2)(1,1)(1,2)(1,2)(1,2)(1,2)(1,1)(1,1)(1,2)(1,2)(1,1)
(1,1)(1,2)(1,2)(1,1)(1,1)(1,1)(1,1)(1,1)(1,1)(1,1)(1,1)(1,1)(1,2)(1,3)(1,3)(1,2)(1,2)(1,1)(1,2)(1,2)(1,1)
(1,1)(1,2)(1,2)(1,3)(2,4)(7,4)(2,4)(1,4)(1,2)(1,1)(1,1)(1,1)(1,2)(1,3)(1,3)(1,3)(1,2)(1,1)(1,1)(1,2)(1,2)
(1,2)(1,4)(1,5)(1,4)(1,1)(1,1)(1,1)(1,1)(1,1)(1,2)(1,4)(1,5)(2,4)(5,3)(6,2)(4,2)(1,2)(1,1)(1,1)(1,1)(1,1)
(1,1)(1,2)(1,2)(1,2)(1,3)(1,3)(1,3)(1,2)(1,1)(1,1)(1,1)(1,1)(1,2)(1,1)(1,1)(1,2)(1,3)(1,4)(1,4)(1,4)(3,4)
(3,4)(6,3)(1,2)(1,2)(1,1)(1,1)(1,1)(1,1)(1,1)(1,1)(2,2)(1,2)(1,1)(1,2)(1,1)(1,2)(1,3)(1,3)(1,2)(1,2)(1,2)
(1,2)(1,1)(1,1)(1,1)(1,2)(1,3)(1,3)(1,4)(1,2)(1,3)(1,2)(1,1)(1,1)(1,1)(1,1)(1,1)(1,2)(1,2)(1,1)(1,3)(1,3)
(1,3)(1,5)(1,4)(1,3)(1,4)(1,3)(1,3)(1,3)(1,3)(1,4)(2,5)(2,5)(1,3)(1,2)(1,4)(2,5)(5,6)(3,7)(1,4)(1,1)(1,1)
(1,1)(1,1)(1,2)(1,4)(1,3)(1,2)(1,2)(1,1)(1,1)(1,1)(1,2)(1,1)(1,2)(1,2)(1,2)(1,2)(1,2)(1,2)(1,2)(1,1)(1,1)
(1,1)(1,2)(2,3)(2,4)(1,3)(1,3)(1,2)(1,2)(1,1)(1,1)(1,1)(1,1)(1,2)(1,3)(1,3)(1,3)(1,3)(2,2)(2,2)(1,2)(1,1)
(1,1)(1,1)(1,1)(1,1)(1,1)(1,1)(1,1)(2,1)(1,1)(1,1)(1,1)(2,1)(3,1)(1,1)(1,1)(1,1)(1,1)(1,1)(1,2)(1,2)(1,2)
(1,2)(1,1)(1,1)(1,2)(1,1)(1,1)(1,1)(1,1)(1,1)(1,1)(1,1)(1,1)(1,2)(1,2)(1,1)(1,1)(1,1)(1,1)(1,1)(1,1)(1,1)
(1,1)(1,1)(1,1)(1,2)(1,2)(1,2)(1,2)(1,1)(1,1)(1,1)(1,2)(1,3)(1,4)(2,5)(4,6)(2,5)(1,3)(1,2)(1,3)(1,3)(1,3)
(1,3)(2,4)(1,3)(1,2)(1,1)(1,1)(1,1)(1,1)(1,1)(1,2)(1,2)(1,1)(1,1)(1,1)(1,1)(1,1)(1,2)(1,3)(1,3)(1,3)(1,3)
(1,3)(1,2)(1,1)(1,1)(1,1)(1,1)(1,1)(1,1)(1,2)(1,2)(1,1)(1,1)(1,1)(1,1)(1,2)(1,1)(1,2)(1,2)(1,3)(1,3)(1,2)
(1,2)(2,2)(1,1)(1,2)(1,2)(1,2)(1,1)(1,2)(1,2)(1,2)(1,2)(1,2)(1,2)(1,2)(1,2)(1,2)(1,1)(1,1)(1,2)(1,3)(1,4)
(1,4)(1,3)(1,2)(1,3)(1,3)(1,2)(1,2)(1,1)(1,2)(1,1)(1,1)(1,1)(1,1)(1,1)(1,1)(1,1)(1,1)(1,1)(1,1)(1,1)(1,1)
(1,1)(1,1)(1,2)(1,3)(2,4)(2,3)(2,2)(1,1)(2,1)(2,1)(1,2)(1,2)(1,3)(1,2)(1,1)(1,2)(1,3)(1,3)(1,2)(1,2)(1,2)
(1,2)(1,2)(1,2)(1,2)(1,2)(1,2)(1,1)(1,1)(1,1)(1,1)(1,1)(1,1)(1,1)(1,2)(1,3)(1,3)(1,2)(1,1)(1,1)(1,1)(1,2)
(1,2)(1,2)(1,1)(1,1)(1,1)(1,2)(1,2)(1,3)(1,2)(1,2)(1,2)(1,2)(1,2)(1,3)(1,4)(1,4)(1,3)(1,2)(1,1)(1,2)(1,3)
(1,3)(1,4)(1,7)(1,9)(1,8)(1,5)(0,3)(2,2)(2,1)(1,1)(1,1)(1,2)(6,3)(2,4)(1,4)(1,4)(1,3)(1,2)(1,2)(1,3)(1,3)
(1,3)(1,3)(2,3)(3,3)(2,3)(2,3)(1,3)(1,3)(1,3)(1,3)(1,2)(1,2)(1,2)(1,2)(1,3)(1,3)(1,3)(1,2)(1,2)(1,3)(1,3)
(1,3)(1,2)(1,2)(1,1)(1,1)(1,1)(1,2)(1,1)(1,1)(1,1)(1,2)(1,2)(1,2)(1,2)(1,3)(1,2)(1,2)(1,2)(1,2)(1,2)(1,3)
(1,3)(1,3)(1,3)(1,2)(1,1)(1,1)(1,2)(1,2)(1,2)(1,2)(1,2)(1,1)(1,1)(1,1)(1,1)(1,1)(1,1)(1,1)(1,2)(1,1)(1,1)
(1,1)(1,1)(1,1)(1,2)(1,1)(1,1)(1,3)(2,3)(6,3)(2,2)(1,2)(1,1)(1,2)(1,2)(1,2)(1,2)(1,1)(1,2)(1,3)(4,4)(3,4)
(3,4)(1,3)(1,3)(1,2)(1,1)(1,2)(1,2)(1,2)(1,2)(1,2)(1,1)(1,1)(1,1)(1,1)(1,1)(1,1)(1,1)(1,1)(1,1)(1,1)(1,1)
(1,1)(1,1)(1,1)(1,1)(1,2)(2,1)(3,1)(3,2)(1,2)(1,1)(1,1)(1,1)(1,1)(1,1)(1,1)(1,2)(1,2)(2,1)(2,1)(2,1)(1,1)
(1,1)(1,1)(1,1)(1,1)(1,1)(1,1)(1,1)(1,1)(1,1)(1,1)(1,1)(1,1)(1,1)(1,1)(1,1)(1,1)(1,1)(1,1)(1,1)(1,1)(1,1)
(1,1)(1,1)(1,1)(1,1)(1,1)(1,1)(1,1)(1,1)(1,1)(1,1)(1,1)(1,1)(1,1)(1,1)(1,1)(1,1)(1,1)(1,1)(1,1)(1,2)(1,1)
(1,1)(1,1)(1,1)(1,1)(1,1)(1,1)(1,1)(1,1)(1,1)(1,1)(1,1)(1,1)(1,1)(1,1)(1,1)(1,1)(1,2)(1,2)(1,2)(1,2)(1,2)
(1,2)(1,2)(1,2)(1,2)(1,1)(1,1)(1,1)(1,1)(1,1)(1,1)(1,1)(1,1)(1,1)(1,2)(1,2)(1,1)(1,1)(1,1)(1,1)(1,1)(1,1)
(1,1)(1,1)(1,2)(3,2)(4,2)(1,2)(1,2)(1,1)(1,1)(1,1)(1,1)(1,1)(1,1)(1,1)(1,1)(1,1)(1,1)(1,1)(1,1)(1,1)(1,1)
(1,1)(1,1)(1,1)(1,1)(1,2)(1,2)(1,2)(1,2)(1,2)(1,1)(1,2)(1,3)(1,3)(2,4)(2,5)(1,5)(1,4)(1,4)(1,4)(1,3)(1,2)
(1,2)(1,3)(2,4)(2,3)(2,3)(1,2)(1,2)(1,1)(1,1)(1,1)(2,3)(2,3)(2,3)(1,2)(1,2)(1,2)(1,1)(1,2)(1,3)(1,3)(1,2)
(1,2)(1,2)(1,1)(1,1)(1,1)(1,1)(1,1)(1,1)(1,1)(1,1)(1,2)(1,2)(1,2)(1,2)(1,1)(1,1)(1,2)(1,2)(1,2)(1,1)(1,1)
(1,1)(1,1)(1,1)(1,1)(1,1)(1,1)(1,1)(1,1)(1,1)(1,1)(1,2)(1,3)(1,3)(1,3)(1,2)(1,2)(1,1)(1,1)(1,1)(1,1)(1,1)
(1,1)(1,1)(1,1)(1,1)(1,1)(1,1)(1,1)(1,2)(1,2)(1,1)(1,1)(1,2)(1,1)(1,1)(1,1)(1,1)(1,1)(1,1)(1,1)(1,1)(1,1)
(1,1)(1,1)(1,1)(1,1)(1,1)(1,1)(1,1)(1,3)(1,4)(1,4)(1,4)(1,2)(1,1)(1,1)(1,1)(1,1)(1,2)(1,2)(1,2)(1,3)(1,3)
(1,3)(1,3)(1,2)(1,2)(1,2)(1,1)(1,1)(1,1)(1,1)(1,1)(1,2)(1,2)(1,2)(1,1)(1,1)(1,1)(1,1)(1,1)(1,1)(1,2)(1,2)
(1,2)(2,2)(3,2)(1,2)(1,2)(1,1)(1,2)(1,1)(1,1)(1,1)(1,1)(1,1)(1,1)(1,1)(1,1)(1,1)(1,2)(1,3)(1,4)(1,4)(1,3)
(1,3)(1,2)(1,2)(1,1)(1,2)(1,3)(1,4)(1,5)(1,4)(1,3)(1,2)(1,2)(1,1)(1,2)(1,5)(1,7)(1,8)(1,7)(1,4)(1,2)(1,2)
(1,2)(1,2)(1,2)(1,2)(1,2)(1,2)(1,1)(1,1)(1,2)(1,3)(1,3)(1,2)(1,1)(1,1)(1,1)(1,2)(1,4)(1,3)(1,2)(1,1)(1,2)
(1,2)(1,1)(1,1)(1,1)(1,1)(1,2)(1,3)(1,4)(1,4)(1,4)(1,4)(1,3)(1,3)(1,2)(1,2)(1,1)(1,1)(1,1)(1,1)(1,1)(1,2)
(1,2)(1,2)(1,3)(1,4)(1,4)(1,4)(1,3)(1,3)(1,3)(1,3)(1,3)(2,3)(2,2)(1,2)(1,2)(1,2)(2,3)(2,3)(2,3)(1,2)(1,2)
(1,2)(1,2)(1,2)(1,1)(1,1)(1,1)(1,1)(1,1)(1,2)(1,3)(1,3)(1,3)(1,1)(1,1)(1,2)(1,2)(1,1)(1,1)(1,1)(1,1)(1,1)
(1,1)(1,1)(1,1)(1,1)(1,2)(1,2)(1,3)(1,3)(1,3)(8,5)(2,5)(1,5)(1,5)(1,3)(1,2)(1,4)(1,5)(1,4)(1,3)(1,2)(1,3)
(1,3)(1,1)(1,2)(1,3)(1,3)(1,3)(1,4)(1,4)(1,3)(1,2)(1,2)(1,4)(2,5)(2,5)(1,5)(1,3)(1,2)(1,3)(1,4)(1,4)(2,3)
(2,3)(2,3)(1,2)(1,1)(1,1)(1,1)(1,2)(1,2)(1,1)(1,1)(1,1)(1,1)(1,1)(1,1)(1,2)(1,1)(1,1)(1,1)(1,1)(1,1)(1,1)
(1,1)(1,1)(1,1)(1,1)(1,2)(1,2)(1,2)(1,2)(1,2)(1,2)(9,2)(1,2)(1,1)(1,1)(1,1)(1,2)(1,2)(1,1)(1,1)(1,1)(1,1)
(1,1)(1,2)(1,2)(1,3)(1,2)(1,2)(1,2)(1,3)(1,3)(1,4)(1,4)(1,3)(1,3)(1,2)(1,1)(1,3)(1,5)(1,6)(1,5)
__________________________________________________________________________________________
