[Mourad\123\Foam\Open\BDS01471.txt]
1200 samples
60 Markov chains

(2,5)(2,4)(2,4)(1,5)(1,6)(1,5)(1,4)(1,2)(1,2)(1,5)(1,10)(3,9)(4,5)(1,2)(1,2)(1,2)(1,4)(1,3)(1,1)(1,2)(1,2)
(1,2)(1,1)(1,2)(1,3)(2,3)(2,2)(1,1)(2,2)(1,1)(1,1)(1,2)(10,2)(1,1)(4,1)(4,2)(1,2)(1,1)(1,1)(1,1)(1,1)(1,1)
(1,1)(1,2)(2,2)(1,3)(1,3)(1,3)(1,2)(1,2)(1,2)(1,2)(1,2)(1,1)(1,1)(1,1)(1,1)(1,1)(1,1)(1,1)(1,1)(1,1)(1,1)
(1,1)(1,1)(1,2)(1,3)(1,3)(1,3)(1,3)(1,3)(1,2)(1,2)(1,2)(1,2)(1,1)(1,1)(1,1)(1,2)(1,2)(1,3)(1,2)(1,1)(1,1)
(1,1)(1,1)(1,2)(2,3)(2,3)(1,2)(1,1)(1,1)(1,1)(1,2)(1,2)(1,1)(1,1)(1,1)(1,1)(1,1)(1,1)(1,2)(1,2)(1,2)(1,1)
(1,1)(1,1)(1,1)(1,1)(1,1)(1,1)(1,1)(1,1)(1,1)(1,1)(1,1)(1,1)(1,1)(1,1)(1,1)(1,1)(1,1)(1,1)(1,1)(1,1)(1,1)
(1,1)(1,1)(1,1)(1,1)(1,1)(1,1)(1,1)(1,1)(1,1)(1,1)(1,1)(1,2)(1,2)(1,2)(1,1)(1,1)(1,2)(1,2)(1,1)(1,1)(1,1)
(1,1)(1,1)(1,1)(1,1)(1,1)(1,2)(1,3)(1,3)(1,2)(1,2)(1,1)(1,1)(1,2)(1,2)(1,1)(1,1)(1,1)(1,1)(1,2)(1,2)(1,1)
(1,1)(1,1)(1,2)(2,2)(4,1)(1,1)(1,1)(1,1)(1,1)(1,1)(1,1)(1,1)(1,1)(1,1)(1,1)(1,2)(1,2)(1,2)(1,2)(1,2)(1,1)
(1,1)(1,1)(1,1)(1,1)(1,1)(1,1)(1,1)(1,1)(1,1)(1,1)(1,1)(1,1)(1,2)(1,2)(1,2)(1,2)(1,2)(1,1)(1,1)(1,1)(1,1)
(1,1)(1,2)(1,2)(1,2)(1,2)(1,3)(1,3)(1,3)(1,2)(1,2)(1,1)(1,1)(1,1)(1,2)(1,2)(1,2)(1,1)(1,1)(1,1)(1,1)(1,1)
(1,1)(1,2)(1,2)(1,2)(1,1)(1,1)(1,1)(1,1)(1,2)(1,3)(1,3)(1,4)(1,3)(1,2)(1,1)(1,1)(1,2)(1,4)(1,5)(3,4)(2,2)
(2,2)(1,1)(1,1)(1,2)(1,2)(1,2)(1,1)(1,1)(1,1)(1,1)(1,2)(1,1)(1,1)(1,1)(1,1)(1,1)(1,1)(1,1)(1,1)(1,1)(1,1)
(1,1)(1,2)(1,2)(1,1)(1,1)(1,1)(1,2)(1,2)(1,2)(1,2)(1,2)(1,2)(1,2)(1,2)(1,3)(1,3)(1,2)(1,2)(1,1)(1,1)(1,1)
(1,1)(1,1)(1,2)(1,3)(1,4)(2,4)(2,4)(1,3)(1,3)(1,2)(1,1)(1,1)(1,1)(1,2)(1,2)(1,2)(1,1)(1,1)(1,2)(1,2)(1,3)
(1,3)(1,3)(1,2)(1,2)(1,2)(1,2)(1,3)(1,3)(1,2)(1,2)(1,1)(1,2)(1,2)(1,3)(1,3)(1,3)(1,2)(1,2)(1,2)(1,3)(3,3)
(3,3)(2,2)(1,1)(1,1)(1,1)(1,1)(1,1)(1,2)(1,2)(1,2)(1,2)(1,2)(1,2)(1,1)(1,1)(1,1)(1,1)(1,1)(1,2)(1,2)(1,2)
(1,2)(1,2)(1,1)(1,1)(1,1)(1,1)(1,2)(1,2)(1,2)(1,1)(1,1)(1,1)(1,1)(1,1)(1,1)(1,1)(1,1)(1,1)(1,2)(1,2)(2,2)
(2,2)(2,2)(1,2)(1,2)(1,2)(1,2)(1,2)(1,2)(1,2)(1,3)(1,3)(1,3)(1,3)(1,2)(1,2)(1,1)(1,2)(1,3)(1,3)(1,2)(1,1)
(1,1)(1,2)(1,2)(1,2)(1,1)(1,2)(1,3)(1,4)(1,3)(1,2)(1,2)(1,2)(1,2)(1,3)(1,3)(1,2)(1,1)(1,1)(1,1)(1,2)(1,3)
(1,3)(1,3)(1,2)(1,1)(1,1)(1,1)(1,1)(1,1)(1,1)(1,1)(1,1)(1,1)(1,1)(1,1)(1,1)(1,1)(1,1)(1,1)(1,1)(1,1)(1,1)
(1,1)(1,1)(1,2)(1,3)(1,4)(1,3)(1,2)(1,2)(1,2)(1,3)(1,3)(1,3)(1,2)(1,2)(1,1)(1,1)(1,1)(1,1)(1,1)(1,1)(1,2)
(1,2)(1,2)(1,2)(1,2)(1,3)(1,3)(1,4)(1,4)(1,4)(1,4)(1,3)(1,1)(1,2)(1,2)(1,2)(1,1)(1,1)(1,2)(1,2)(1,2)(1,1)
(1,1)(1,1)(1,1)(1,1)(1,1)(1,1)(1,1)(1,1)(1,1)(1,1)(1,1)(1,2)(1,2)(1,2)(1,2)(1,2)(1,2)(1,2)(1,2)(1,1)(1,1)
(1,1)(1,1)(1,1)(1,1)(1,2)(1,2)(1,2)(1,2)(1,2)(1,2)(2,2)(5,2)(2,2)(1,1)(1,1)(1,1)(1,1)(1,1)(1,1)(1,1)(1,1)
(1,1)(2,2)(2,2)(2,2)(1,1)(1,1)(1,1)(1,1)(1,1)(1,1)(1,1)(1,2)(1,2)(1,2)(1,1)(1,1)(1,1)(1,1)(1,1)(1,1)(1,1)
(1,1)(1,1)(1,1)(1,1)(1,1)(1,1)(1,2)(1,2)(1,3)(1,2)(1,2)(1,1)(1,1)(1,1)(1,1)(1,2)(1,2)(1,2)(1,2)(5,2)(2,1)
(2,1)(1,1)(1,1)(2,2)(3,2)(2,2)(1,2)(1,1)(1,1)(1,1)(1,1)(1,2)(1,2)(1,3)(1,2)(1,1)(1,1)(1,1)(1,2)(1,2)(1,1)
(1,1)(1,1)(1,1)(1,1)(1,2)(1,2)(1,2)(1,1)(1,1)(1,1)(1,1)(1,1)(1,1)(1,1)(1,1)(1,1)(1,2)(1,2)(1,2)(1,1)(1,1)
(1,1)(1,1)(1,1)(1,1)(1,1)(1,1)(1,1)(1,1)(1,1)(1,1)(1,1)(1,1)(1,1)(1,1)(1,1)(1,2)(1,2)(1,2)(1,1)(1,1)(1,1)
(1,1)(1,1)(1,2)(1,2)(1,2)(1,2)(1,1)(1,1)(1,2)(1,2)(2,3)(3,2)(2,2)(2,1)(1,1)(1,1)(2,2)(5,2)(2,3)(1,2)(1,2)
(1,2)(1,2)(1,2)(1,2)(1,2)(1,1)(1,2)(1,2)(1,1)(1,1)(1,1)(1,1)(1,1)(1,2)(1,2)(1,3)(1,2)(1,1)(1,1)(1,1)(1,2)
(1,2)(2,2)(1,2)(1,1)(1,1)(1,1)(1,1)(1,1)(1,1)(1,2)(1,2)(1,3)(1,2)(1,1)(1,1)(1,1)(1,2)(1,3)(1,3)(1,2)(1,1)
(1,1)(1,2)(1,3)(1,4)(1,3)(1,2)(1,1)(1,2)(1,2)(2,3)(3,3)(8,3)(2,2)(1,2)(1,1)(1,1)(1,1)(1,1)(1,1)(1,2)(1,2)
(1,2)(1,2)(1,1)(1,1)(1,2)(2,3)(2,3)(1,2)(1,2)(1,1)(1,1)(1,1)(1,2)(1,2)(1,1)(1,1)(1,1)(1,1)(1,1)(1,1)(1,1)
(1,1)(1,1)(1,1)(1,1)(1,2)(1,2)(1,2)(1,2)(1,2)(1,2)(2,2)(1,2)(1,2)(1,2)(1,1)(1,1)(1,1)(1,2)(1,3)(1,3)(1,1)
(1,1)(1,1)(1,1)(1,2)(1,2)(1,2)(1,2)(1,2)(1,2)(1,1)(1,1)(1,1)(1,1)(1,1)(1,1)(1,1)(1,1)(1,1)(1,1)(1,1)(1,1)
(1,1)(1,2)(1,2)(1,2)(1,2)(1,1)(1,1)(1,1)(1,1)(1,1)(1,1)(1,1)(1,1)(1,1)(1,1)(1,1)(1,1)(1,1)(1,1)(1,1)(1,1)
(1,1)(1,1)(1,1)(1,1)(1,2)(1,3)(1,3)(1,2)(1,2)(1,1)(1,1)(1,1)(1,1)(1,1)(1,1)(1,2)(1,2)(1,1)(1,1)(1,1)(1,1)
(1,1)(1,1)(1,2)(1,2)(1,1)(1,1)(1,1)(1,1)(1,1)(1,2)(1,2)(1,2)(1,2)(1,1)(1,1)(1,1)(1,2)(1,3)(1,2)(1,2)(1,2)
(1,2)(1,2)(1,2)(1,2)(1,2)(3,2)(3,2)(1,2)(1,2)(1,2)(1,2)(1,2)(1,3)(1,3)(1,3)(1,2)(1,2)(1,2)(1,1)(1,2)(1,1)
(1,1)(1,1)(1,1)(1,1)(1,2)(1,3)(1,4)(1,5)(1,4)(7,3)(4,2)(1,1)(1,1)(1,1)(3,2)(6,2)(1,3)(1,2)(1,1)(1,1)(1,2)
(1,2)(1,1)(1,1)(1,2)(1,1)(1,2)(1,2)(1,2)(1,2)(1,1)(1,1)(1,1)(1,1)(1,1)(1,2)(1,2)(1,2)(1,1)(1,1)(1,1)(1,1)
(1,1)(1,1)(1,1)(1,1)(1,1)(1,1)(1,1)(1,2)(1,2)(1,2)(1,2)(1,1)(1,1)(1,1)(1,1)(1,1)(1,2)(1,2)(1,2)(1,1)(1,1)
(1,1)(1,1)(1,2)(1,3)(1,3)(2,4)(3,3)(2,2)(1,1)(1,1)(1,1)(1,1)(1,1)(1,1)(1,1)(1,1)(1,1)(1,1)(1,1)(1,1)(1,2)
(1,2)(1,2)(1,2)(1,2)(1,2)(1,2)(1,2)(1,2)(1,1)(1,1)(1,1)(1,1)(1,1)(1,1)(1,2)(1,2)(1,1)(1,1)(1,1)(1,1)(1,1)
(1,1)(1,1)(1,1)(1,1)(1,2)(1,3)(2,3)(2,3)(1,2)(1,2)(1,1)(1,1)(1,1)(1,2)(1,1)(1,1)(1,1)(1,1)(1,1)(1,1)(1,1)
(1,1)(1,1)(1,1)(1,1)(1,1)(1,1)(1,1)(1,1)(1,1)(1,1)(1,1)(1,1)(1,2)(1,2)(1,2)(1,2)(1,1)(1,1)(1,1)(1,1)(1,1)
(1,1)(1,2)(1,2)(1,2)(1,2)(2,2)(5,2)(2,1)(1,1)(1,1)(2,1)(4,1)(4,2)(1,3)(1,2)(1,2)(1,1)(1,1)(1,1)(1,1)(1,1)
(1,1)(1,1)(1,1)(1,1)(1,1)(1,1)(1,1)(1,1)(1,1)(1,1)(1,1)(1,1)(1,1)(1,1)(1,1)(1,1)(1,1)(1,1)(1,1)(1,1)(1,1)
(1,1)(1,2)(1,2)(1,1)(1,1)(1,1)(1,1)(1,1)(1,1)(1,2)(1,2)(1,2)(1,1)(1,1)(1,1)(1,1)(1,1)(1,1)(1,1)(1,1)(1,1)
(1,1)(1,1)(1,1)(1,1)(1,1)(1,1)(1,1)(1,1)(1,1)(1,1)(1,1)(1,1)(1,2)(1,2)(1,2)(1,2)(1,2)(1,2)(1,2)(1,2)(1,2)
(1,2)(1,1)(1,1)(1,1)(1,1)(1,2)(1,2)(1,2)(1,2)(1,1)(1,1)(1,1)(1,1)(1,1)(1,1)(1,2)(1,2)(1,2)(1,2)(1,1)(1,1)
(1,1)(1,1)(1,1)(1,1)(1,1)(1,2)(1,2)(1,2)(1,1)(1,1)(1,1)(1,1)(1,1)(1,1)(1,1)(1,1)(1,1)(1,1)(1,1)(1,1)(1,1)
(1,1)(1,1)(1,1)(1,1)(1,1)(1,1)(1,1)(1,1)(1,2)(1,3)(1,2)(1,2)(1,2)(1,2)(3,2)(6,2)(1,2)(1,2)(1,1)(1,1)(1,2)
(1,2)(2,2)(4,2)(6,1)(3,1)(1,1)(1,1)(1,2)(1,3)(1,3)(1,2)(1,1)(1,1)(1,1)(1,1)(1,1)(1,1)(1,1)(1,2)(1,2)(1,2)
(1,2)(1,2)(1,2)(1,2)(1,2)(1,2)(1,1)(1,1)(1,2)(1,2)(1,2)(1,1)(1,1)(1,1)(1,1)(1,1)(1,1)(2,2)(4,2)(2,2)(1,1)
(1,1)(1,1)(1,1)(1,1)(1,1)(1,1)(1,1)(1,1)(1,1)(1,1)(1,2)(1,3)(1,3)(1,3)(1,2)(1,1)(1,1)(1,2)(1,3)(1,4)(1,3)
(1,3)(1,1)(1,1)(1,1)(1,1)(1,1)(1,2)(1,2)(1,2)(1,1)(1,1)(1,1)(1,1)(1,1)(1,1)(1,1)(1,1)(1,2)(1,1)(1,1)(1,1)
(1,1)(1,1)(1,1)(1,2)(1,2)(1,2)(1,2)(1,1)(1,1)(1,1)(1,2)(1,2)(1,2)(1,1)(1,1)(1,1)(1,1)(1,1)(1,2)
__________________________________________________________________________________________
[Mourad\123\Foam\Open\BDS01472.txt]
1200 samples
60 Markov chains

(2,2)(1,2)(1,2)(1,2)(1,3)(1,3)(1,2)(1,2)(1,2)(1,2)(1,2)(1,2)(1,3)(1,3)(1,3)(1,2)(1,2)(1,2)(1,2)(1,2)(1,2)
(1,2)(1,2)(1,3)(1,5)(1,7)(2,6)(3,6)(2,5)(1,3)(1,3)(1,3)(1,2)(1,1)(1,2)(1,2)(1,2)(1,1)(1,1)(1,2)(1,2)(1,3)
(1,3)(1,3)(1,3)(1,2)(1,2)(1,2)(1,2)(1,2)(1,2)(1,1)(1,1)(1,2)(1,1)(1,1)(1,1)(1,1)(1,1)(1,2)(1,2)(1,2)(1,1)
(1,1)(1,1)(1,1)(1,1)(1,1)(1,1)(1,1)(1,1)(1,1)(1,1)(1,2)(1,3)(1,3)(1,3)(1,2)(1,3)(1,2)(1,1)(1,1)(1,1)(1,1)
(1,1)(1,2)(1,1)(1,1)(1,1)(1,1)(1,1)(1,1)(1,1)(1,1)(1,1)(1,1)(1,3)(1,4)(1,3)(1,2)(1,1)(1,1)(1,2)(1,4)(2,5)
(2,5)(2,4)(2,4)(1,3)(1,2)(1,2)(2,3)(2,3)(1,3)(1,1)(1,2)(1,3)(1,4)(4,3)(6,2)(1,2)(1,2)(1,2)(1,2)(1,2)(1,2)
(1,2)(1,2)(1,2)(1,2)(1,3)(1,4)(1,5)(1,4)(1,2)(1,1)(1,1)(1,2)(1,1)(1,1)(1,1)(1,1)(1,2)(1,3)(1,2)(1,3)(1,3)
(1,3)(1,3)(1,3)(1,3)(1,3)(6,3)(4,4)(1,3)(1,3)(1,2)(1,1)(1,1)(1,2)(1,2)(1,2)(1,3)(3,4)(8,5)(1,3)(1,2)(1,1)
(1,1)(1,1)(1,1)(1,2)(1,2)(1,1)(1,1)(1,1)(1,2)(1,4)(1,6)(1,7)(1,4)(1,3)(1,1)(1,2)(1,4)(1,3)(1,1)(1,1)(1,2)
(1,2)(1,6)(2,9)(3,10)(3,9)(1,5)(1,2)(1,4)(1,5)(2,5)(1,2)(1,1)(1,1)(1,2)(2,4)(2,7)(2,6)(1,2)(1,2)(1,4)(1,4)
(1,4)(1,2)(1,1)(1,2)(1,1)(1,1)(1,2)(1,3)(2,3)(1,2)(1,2)(1,1)(1,1)(1,1)(1,1)(1,1)(1,1)(1,1)(1,2)(1,2)(1,2)
(1,2)(1,2)(1,2)(1,2)(1,1)(1,1)(1,2)(1,2)(1,2)(1,2)(1,2)(1,2)(1,2)(1,4)(2,4)(1,3)(1,2)(1,2)(1,2)(1,2)(1,3)
(1,3)(1,3)(1,2)(1,2)(1,2)(1,1)(1,1)(1,1)(1,2)(1,2)(1,2)(1,1)(1,1)(1,2)(1,3)(1,3)(1,3)(1,3)(1,3)(1,2)(1,3)
(1,3)(1,3)(1,2)(1,2)(1,1)(1,2)(1,2)(1,3)(2,4)(2,3)(2,2)(1,1)(1,1)(1,2)(1,3)(1,5)(1,4)(1,2)(1,1)(1,1)(1,1)
(1,1)(1,1)(1,1)(1,1)(1,1)(1,2)(1,3)(1,2)(1,1)(1,1)(1,2)(1,1)(1,3)(1,4)(1,3)(1,2)(1,2)(1,1)(1,4)(2,6)(2,6)
(2,6)(1,3)(1,1)(1,2)(1,2)(1,2)(1,2)(1,2)(1,4)(3,6)(3,6)(1,5)(1,3)(1,1)(1,1)(1,2)(1,2)(1,2)(1,2)(1,1)(1,1)
(1,1)(1,2)(1,1)(1,1)(1,1)(1,2)(1,1)(1,1)(1,1)(1,1)(1,1)(1,3)(2,3)(2,3)(1,1)(1,1)(1,1)(1,1)(1,1)(1,1)(1,1)
(1,1)(1,1)(1,2)(1,2)(1,1)(1,2)(1,2)(1,1)(1,1)(1,1)(1,1)(1,1)(1,1)(1,1)(1,1)(1,1)(1,1)(1,1)(1,1)(1,1)(1,1)
(1,1)(1,1)(1,1)(1,1)(1,1)(1,1)(1,2)(1,1)(1,1)(1,1)(1,1)(1,1)(1,1)(1,1)(1,1)(1,1)(1,1)(1,1)(1,1)(1,1)(1,2)
(1,2)(1,2)(1,2)(1,2)(1,2)(1,1)(1,2)(1,1)(1,1)(1,1)(1,1)(1,1)(1,2)(1,2)(1,2)(1,1)(1,1)(1,2)(1,2)(1,2)(1,3)
(1,3)(1,3)(1,2)(1,2)(1,3)(1,4)(1,3)(1,3)(1,2)(1,1)(1,1)(1,1)(1,2)(1,2)(1,2)(1,2)(1,2)(1,3)(1,2)(1,2)(1,2)
(1,2)(1,2)(1,2)(1,2)(1,3)(1,3)(1,2)(1,1)(1,2)(1,2)(1,1)(1,1)(1,1)(1,1)(1,1)(1,2)(1,2)(1,2)(1,3)(1,2)(1,2)
(1,2)(1,2)(1,2)(1,2)(1,1)(1,1)(1,2)(1,3)(1,3)(1,2)(1,1)(1,1)(1,1)(1,2)(1,2)(1,1)(1,1)(1,1)(1,1)(1,2)(1,2)
(1,2)(1,2)(1,2)(1,1)(1,1)(1,2)(1,2)(1,2)(1,2)(1,1)(1,1)(1,1)(1,2)(1,2)(1,2)(1,2)(1,3)(1,3)(1,3)(1,2)(1,2)
(1,2)(1,2)(1,3)(1,2)(1,3)(1,3)(1,2)(1,1)(1,3)(1,4)(1,4)(1,3)(1,1)(1,2)(1,2)(1,3)(1,1)(1,3)(1,3)(1,2)(1,2)
(1,2)(1,3)(1,3)(1,2)(1,2)(1,3)(1,2)(1,2)(1,2)(1,2)(1,3)(1,3)(1,2)(1,1)(1,1)(1,1)(1,1)(1,1)(1,2)(2,4)(3,4)
(3,4)(2,2)(1,2)(1,2)(1,2)(1,2)(1,1)(1,2)(1,2)(1,2)(1,2)(1,3)(1,2)(1,2)(1,1)(1,1)(1,1)(1,1)(1,1)(1,2)(1,3)
(1,3)(1,5)(2,7)(1,6)(1,4)(1,3)(1,3)(1,2)(1,3)(1,2)(1,2)(1,2)(1,2)(1,1)(1,3)(1,5)(1,5)(1,4)(1,2)(1,1)(1,1)
(1,1)(1,2)(1,3)(1,3)(1,3)(1,3)(1,3)(1,2)(1,1)(1,2)(1,2)(1,2)(1,2)(1,2)(1,2)(1,2)(1,2)(1,3)(1,2)(1,1)(1,2)
(1,2)(1,2)(1,2)(1,3)(1,4)(1,3)(1,2)(1,1)(1,2)(1,3)(1,3)(1,2)(1,2)(1,2)(1,2)(1,2)(1,2)(1,2)(1,2)(1,2)(1,3)
(1,3)(1,3)(1,3)(1,3)(1,2)(1,1)(1,1)(1,2)(1,3)(1,3)(1,3)(1,3)(1,3)(2,4)(1,2)(1,1)(1,2)(1,1)(1,1)(1,2)(1,3)
(1,3)(1,2)(1,1)(1,1)(1,1)(1,1)(1,2)(1,2)(1,2)(1,3)(1,4)(1,4)(1,3)(1,1)(1,3)(1,5)(1,4)(1,3)(1,2)(1,2)(1,2)
(1,2)(1,2)(1,3)(1,3)(2,2)(1,1)(1,1)(1,1)(1,1)(1,1)(2,2)(2,2)(1,1)(1,1)(1,1)(2,2)(3,2)(2,2)(1,2)(1,1)(1,1)
(1,1)(1,1)(1,1)(1,1)(1,1)(1,1)(1,1)(1,1)(1,1)(1,1)(1,2)(1,2)(1,3)(2,4)(1,4)(1,4)(1,3)(1,2)(1,2)(1,2)(1,2)
(1,2)(1,2)(1,2)(1,1)(1,1)(1,2)(1,2)(1,2)(1,1)(1,2)(1,2)(1,2)(1,2)(1,1)(1,1)(1,3)(1,4)(1,4)(1,3)(1,2)(1,2)
(1,2)(1,2)(1,2)(1,2)(1,3)(1,3)(1,3)(1,2)(1,2)(1,2)(1,1)(1,1)(1,2)(1,1)(1,2)(1,2)(1,2)(1,2)(1,1)(1,1)(1,1)
(1,1)(1,1)(1,1)(1,1)(1,2)(1,2)(1,3)(1,3)(1,4)(1,3)(1,2)(1,1)(1,1)(1,1)(1,2)(1,2)(1,2)(1,3)(1,3)(1,4)(1,4)
(1,4)(2,4)(2,3)(2,3)(2,3)(1,3)(1,2)(1,1)(1,2)(1,2)(2,3)(2,3)(1,2)(1,1)(1,1)(1,1)(1,2)(2,3)(2,2)(1,1)(2,2)
(2,2)(3,3)(3,5)(1,5)(1,3)(1,2)(1,1)(1,1)(1,2)(1,2)(1,1)(1,1)(1,1)(1,1)(1,2)(1,2)(1,2)(1,2)(1,1)(1,1)(1,1)
(1,1)(1,1)(1,1)(1,1)(1,1)(1,1)(1,2)(1,3)(1,3)(1,3)(1,3)(1,2)(1,1)(1,2)(1,2)(1,2)(1,1)(1,1)(1,1)(1,1)(1,1)
(1,1)(1,1)(1,2)(1,2)(1,3)(1,2)(1,2)(1,2)(1,2)(1,2)(1,2)(1,2)(1,1)(1,1)(1,1)(1,1)(1,1)(1,2)(1,2)(1,2)(1,1)
(1,1)(1,1)(1,1)(1,1)(1,2)(1,2)(1,2)(1,2)(1,2)(1,1)(1,1)(1,1)(1,1)(1,1)(1,1)(1,2)(1,2)(1,1)(1,2)(1,2)(1,2)
(1,2)(1,1)(1,1)(1,1)(1,1)(1,1)(1,1)(1,1)(1,1)(1,1)(1,1)(1,1)(1,2)(1,2)(1,3)(1,4)(1,3)(1,2)(1,1)(1,2)(1,2)
(1,2)(1,2)(1,2)(1,2)(1,3)(1,2)(1,2)(1,2)(1,1)(1,2)(1,2)(1,3)(1,3)(1,3)(1,3)(1,2)(1,1)(1,1)(1,1)(1,1)(1,2)
(1,2)(1,2)(1,1)(1,1)(1,1)(1,2)(1,2)(1,2)(1,2)(1,1)(1,1)(1,1)(1,2)(1,2)(1,2)(1,1)(1,1)(1,1)(1,2)(1,3)(1,3)
(1,3)(1,3)(1,3)(1,2)(1,2)(1,2)(1,2)(1,3)(1,3)(1,3)(1,4)(3,4)(3,3)(2,2)(1,2)(1,1)(1,2)(1,1)(1,1)(1,1)(1,2)
(1,2)(1,2)(3,3)(4,4)(2,4)(1,3)(1,2)(1,1)(1,1)(1,1)(1,1)(1,1)(1,1)(1,1)(1,1)(1,2)(1,3)(1,3)(1,3)(1,2)(1,2)
(1,2)(1,1)(1,1)(1,1)(1,2)(1,2)(1,3)(1,4)(1,3)(1,3)(1,2)(1,2)(1,2)(1,3)(1,3)(1,3)(1,2)(1,1)(1,1)(1,1)(1,2)
(1,2)(1,2)(1,1)(1,2)(1,3)(2,4)(1,4)(1,3)(1,1)(1,1)(1,2)(1,2)(1,1)(1,1)(1,1)(1,1)(1,1)(1,1)(1,1)(1,1)(1,1)
(1,1)(1,1)(1,1)(1,1)(1,1)(1,1)(1,1)(1,1)(1,1)(1,2)(1,1)(1,2)(1,2)(1,2)(1,2)(1,2)(1,1)(1,1)(1,1)(1,2)(1,3)
(1,3)(1,3)(1,3)(1,4)(1,4)(1,4)(1,3)(1,6)(1,10)(2,9)(2,7)(2,4)(1,1)(1,2)(1,3)(1,3)(1,2)(1,1)(1,1)(1,1)(1,1)
(1,1)(1,1)(1,1)(1,1)(1,1)(1,2)(1,2)(1,2)(10,2)(2,1)(3,2)(2,2)(1,3)(1,3)(1,2)(1,2)(1,1)(1,1)(1,1)(1,2)(1,2)
(1,2)(1,3)(1,4)(1,3)(1,2)(1,1)(1,1)(1,1)(1,1)(1,1)(1,2)(1,3)(1,4)(1,4)(1,3)(1,2)(1,1)(1,1)(1,1)(1,1)(1,3)
(1,3)(1,4)(1,3)(1,2)(1,1)(1,1)(1,2)(1,2)(1,2)(1,2)(1,1)(1,1)(1,1)(1,1)(1,2)(1,4)(1,5)(1,5)(1,3)(1,3)(1,2)
(1,2)(1,1)(1,2)(1,1)(1,1)(1,1)(1,1)(1,1)(1,1)(1,2)(1,4)(1,4)(1,4)(1,3)(1,3)(1,2)(1,2)(1,2)(1,2)(1,2)(1,2)
(1,2)(1,2)(1,2)(1,1)(1,1)(1,1)(1,1)(1,1)(1,2)(1,3)(1,2)(1,1)(1,2)(1,2)(1,1)(1,1)(1,1)(1,1)(1,2)(1,1)(1,2)
(1,2)(1,2)(1,1)(1,1)(1,1)(1,1)(1,1)(1,2)(1,1)(1,1)(1,1)(1,1)(1,1)(1,1)(1,1)(1,1)(1,1)(1,1)(1,1)(1,1)(1,2)
(1,2)(1,1)(1,1)(1,1)(1,1)(1,1)(1,1)(1,1)(1,2)(1,2)(1,3)(1,3)(1,2)(1,2)(1,2)(1,1)(1,1)(1,1)(1,1)(1,1)(1,1)
(1,1)(1,1)(1,1)(1,1)(1,1)(1,2)(1,2)(1,2)(1,2)(1,3)(1,4)(1,4)(1,5)(1,5)(1,3)(1,2)(1,1)(1,1)(1,2)(1,3)(1,4)
(1,4)(1,3)(1,2)(1,3)(1,3)(1,2)(1,1)(1,1)(1,1)(1,2)(1,2)(1,2)(1,2)(1,1)(1,1)(1,2)(1,2)(1,1)(1,1)
__________________________________________________________________________________________
[Mourad\123\Foam\Open\BDS01473.txt]
1200 samples
60 Markov chains

(1,2)(1,3)(1,4)(1,4)(1,4)(1,4)(1,3)(1,3)(1,3)(1,5)(1,5)(1,3)(1,1)(1,1)(1,2)(1,2)(1,1)(1,2)(1,2)(1,3)(1,6)
(1,6)(1,6)(1,4)(1,3)(1,1)(1,1)(1,3)(1,6)(1,7)(1,5)(1,3)(1,1)(1,1)(1,2)(1,2)(1,3)(1,2)(1,1)(2,2)(2,3)(2,4)
(2,4)(2,5)(1,5)(1,4)(1,2)(1,3)(1,5)(1,5)(1,5)(1,5)(1,5)(1,4)(1,2)(1,1)(1,3)(1,4)(1,2)(1,1)(1,2)(1,2)(1,2)
(1,2)(1,2)(1,3)(1,3)(1,2)(1,2)(1,2)(1,1)(1,1)(1,1)(1,1)(1,1)(1,1)(1,1)(1,1)(1,2)(1,3)(1,4)(1,5)(1,4)(1,2)
(1,2)(1,1)(1,1)(1,1)(1,2)(1,1)(1,1)(1,1)(1,1)(1,1)(1,2)(1,3)(1,3)(1,3)(1,4)(1,6)(2,6)(2,4)(2,3)(1,2)(1,1)
(1,1)(3,2)(3,2)(2,3)(1,3)(1,4)(1,4)(1,4)(1,2)(1,2)(1,2)(1,1)(1,2)(1,3)(1,4)(1,3)(1,2)(1,1)(1,1)(1,1)(1,1)
(1,1)(1,2)(1,4)(1,4)(1,5)(1,4)(2,4)(1,3)(1,2)(1,2)(1,2)(1,2)(1,3)(1,3)(1,4)(1,3)(1,4)(1,5)(1,7)(1,5)(1,3)
(1,3)(1,2)(1,1)(1,2)(1,4)(1,5)(1,4)(1,3)(1,3)(1,2)(1,1)(1,1)(1,3)(1,3)(1,2)(1,2)(1,2)(1,2)(1,2)(1,2)(1,2)
(1,2)(1,2)(1,2)(1,2)(1,2)(1,2)(1,1)(1,1)(1,1)(1,1)(1,1)(1,1)(1,1)(1,1)(1,1)(1,1)(1,1)(1,1)(1,1)(1,1)(1,1)
(1,1)(1,2)(1,3)(1,3)(1,3)(1,2)(1,3)(1,4)(2,5)(2,5)(2,4)(1,2)(1,2)(1,3)(1,3)(1,2)(1,2)(1,2)(1,2)(1,2)(1,1)
(1,1)(1,1)(1,1)(1,1)(1,1)(1,1)(1,2)(1,2)(1,3)(1,5)(1,6)(1,6)(1,5)(1,4)(1,3)(1,4)(1,4)(1,4)(1,3)(1,1)(1,2)
(1,2)(1,5)(1,10)(1,9)(1,7)(1,5)(1,1)(1,3)(1,3)(1,3)(1,4)(2,6)(2,7)(2,6)(1,3)(1,1)(1,4)(2,5)(3,7)(2,4)(1,1)
(1,1)(1,1)(1,2)(1,3)(1,5)(1,7)(1,5)(1,2)(1,1)(1,3)(1,3)(1,3)(1,3)(1,5)(1,6)(1,4)(1,3)(1,3)(1,3)(1,3)(1,2)
(1,2)(1,1)(1,2)(1,1)(1,1)(1,1)(1,2)(1,2)(1,2)(1,3)(1,3)(1,2)(1,2)(1,3)(1,6)(1,6)(1,4)(1,3)(1,2)(1,2)(1,1)
(1,1)(1,1)(1,1)(1,1)(1,2)(1,3)(2,5)(2,6)(2,6)(1,4)(1,3)(1,2)(1,2)(1,3)(1,3)(1,3)(1,2)(1,2)(1,2)(1,2)(1,3)
(1,3)(1,4)(1,4)(1,3)(1,2)(1,2)(1,1)(1,2)(1,3)(1,3)(1,3)(1,2)(1,2)(1,3)(1,4)(1,5)(1,6)(1,6)(1,4)(1,2)(1,1)
(1,1)(1,3)(1,5)(1,5)(1,4)(1,3)(1,2)(1,2)(1,3)(1,4)(1,4)(1,4)(1,3)(1,2)(1,1)(1,1)(1,1)(1,1)(1,1)(1,1)(1,1)
(1,1)(1,1)(1,1)(1,1)(1,2)(1,1)(1,1)(1,1)(1,2)(1,2)(1,2)(1,2)(1,1)(1,1)(1,1)(1,2)(1,2)(1,1)(1,1)(1,1)(1,1)
(1,1)(1,1)(1,1)(1,1)(1,1)(1,1)(1,1)(1,1)(1,1)(1,1)(1,1)(1,1)(1,1)(1,1)(1,1)(1,1)(1,1)(1,1)(1,1)(1,1)(1,1)
(1,1)(1,1)(1,2)(1,1)(4,2)(4,3)(2,7)(1,10)(1,10)(1,6)(1,2)(1,2)(1,2)(1,1)(1,1)(1,2)(1,3)(1,4)(1,5)(1,6)(1,5)
(1,5)(1,3)(1,2)(1,1)(1,1)(1,1)(1,2)(1,2)(1,2)(1,1)(1,1)(1,2)(1,2)(1,2)(1,2)(1,2)(1,1)(1,1)(1,2)(1,3)(1,2)
(1,2)(1,2)(1,2)(1,3)(1,4)(1,6)(1,6)(1,5)(1,5)(1,4)(1,3)(1,2)(1,2)(1,5)(1,7)(1,7)(1,5)(1,3)(1,2)(1,1)(1,1)
(1,1)(1,2)(1,2)(1,1)(1,1)(1,2)(1,2)(1,3)(1,3)(1,3)(1,1)(1,1)(1,1)(1,1)(1,2)(1,2)(1,2)(1,3)(1,3)(2,3)(2,3)
(2,3)(2,4)(1,5)(1,5)(1,4)(1,2)(1,2)(1,3)(1,2)(1,1)(1,2)(1,2)(1,2)(1,2)(1,3)(1,4)(1,4)(1,4)(1,3)(1,1)(1,1)
(1,1)(1,2)(1,4)(1,6)(1,7)(1,6)(1,4)(1,2)(1,2)(1,3)(1,3)(1,2)(1,1)(1,1)(1,1)(1,2)(1,3)(1,2)(1,1)(1,3)(2,4)
(2,4)(2,6)(2,6)(1,4)(1,2)(1,1)(1,1)(1,1)(1,1)(1,2)(1,2)(1,1)(1,2)(1,2)(1,3)(1,3)(1,3)(1,4)(1,3)(1,3)(1,3)
(1,3)(1,2)(1,3)(1,3)(1,4)(1,5)(1,5)(1,5)(1,4)(1,3)(1,3)(1,5)(1,5)(1,4)(1,3)(1,3)(1,3)(1,3)(1,3)(1,3)(2,3)
(2,3)(2,4)(1,3)(1,3)(1,2)(1,2)(1,2)(2,3)(2,3)(1,2)(1,2)(1,3)(1,3)(1,3)(1,2)(1,2)(1,2)(1,3)(1,4)(1,4)(1,4)
(1,4)(1,3)(1,1)(1,3)(1,3)(1,5)(1,5)(1,4)(1,2)(1,3)(1,4)(2,5)(1,5)(1,3)(1,4)(1,5)(1,3)(1,1)(1,2)(1,2)(1,2)
(1,2)(1,3)(1,4)(1,3)(1,2)(1,3)(1,3)(7,3)(6,3)(1,1)(2,1)(5,2)(10,3)(2,3)(1,2)(1,2)(1,1)(1,1)(1,1)(1,1)(1,1)
(1,1)(1,2)(1,2)(1,4)(1,6)(1,6)(1,5)(1,4)(1,2)(1,3)(1,3)(1,3)(1,2)(1,2)(1,2)(1,2)(1,2)(1,1)(1,2)(1,2)(1,2)
(1,2)(1,2)(1,1)(1,1)(1,1)(1,2)(1,2)(1,1)(1,1)(1,1)(1,1)(1,1)(1,1)(1,1)(1,2)(1,2)(1,3)(1,3)(1,3)(1,3)(1,3)
(1,3)(1,2)(1,1)(1,1)(1,2)(1,4)(1,4)(1,4)(1,3)(1,3)(2,4)(4,4)(4,4)(2,2)(1,1)(1,2)(1,2)(1,2)(1,2)(1,1)(1,2)
(1,2)(1,3)(2,4)(4,4)(4,5)(3,6)(1,7)(1,6)(1,6)(1,4)(1,3)(1,2)(1,2)(1,4)(1,4)(1,3)(1,2)(1,3)(1,4)(1,3)(1,2)
(1,2)(1,2)(1,3)(1,3)(1,4)(1,4)(1,4)(1,3)(1,1)(1,1)(1,2)(1,3)(1,3)(1,3)(1,4)(1,4)(1,3)(1,2)(1,2)(1,2)(1,2)
(1,2)(1,2)(1,4)(1,4)(1,2)(1,2)(1,2)(1,4)(1,4)(1,3)(1,1)(1,2)(1,2)(1,3)(1,3)(1,2)(1,2)(1,1)(1,1)(1,2)(1,2)
(1,2)(1,2)(1,2)(1,3)(1,3)(1,3)(1,2)(1,2)(1,2)(1,2)(1,2)(1,1)(1,2)(1,2)(1,2)(1,1)(1,1)(1,2)(1,2)(1,2)(1,2)
(1,2)(1,2)(1,2)(1,1)(1,1)(1,2)(1,2)(1,2)(1,1)(1,1)(1,1)(1,1)(1,1)(1,2)(1,2)(1,3)(1,2)(1,1)(1,1)(1,1)(1,2)
(1,2)(1,2)(1,2)(1,1)(1,2)(1,2)(1,2)(1,1)(1,2)(1,3)(1,3)(1,1)(1,2)(1,2)(1,3)(2,5)(2,5)(2,4)(1,2)(1,1)(1,1)
(1,1)(1,2)(1,2)(1,3)(1,2)(1,2)(1,2)(1,3)(1,4)(1,4)(1,3)(1,2)(1,2)(1,2)(1,2)(1,3)(1,3)(1,3)(1,3)(1,3)(1,2)
(1,2)(1,2)(1,2)(1,2)(1,2)(1,4)(1,5)(1,4)(1,3)(1,3)(1,3)(1,4)(1,6)(1,5)(1,3)(1,1)(1,4)(1,6)(2,9)(2,8)(1,5)
(1,5)(1,4)(1,3)(1,3)(1,3)(1,3)(1,3)(1,3)(1,2)(1,3)(1,5)(1,5)(1,5)(1,4)(1,3)(1,3)(1,2)(1,2)(1,2)(1,1)(1,2)
(1,2)(1,2)(1,2)(1,3)(1,2)(1,3)(1,3)(1,4)(1,4)(1,4)(1,4)(1,4)(1,2)(1,2)(1,2)(1,3)(1,4)(1,4)(1,3)(1,3)(1,2)
(1,2)(1,1)(1,2)(1,2)(1,2)(1,1)(1,1)(1,2)(1,2)(1,4)(1,4)(1,3)(1,2)(1,1)(1,1)(1,1)(1,1)(1,1)(1,2)(1,3)(1,3)
(1,3)(1,2)(1,2)(1,2)(1,1)(1,1)(1,1)(1,1)(1,1)(1,2)(1,3)(1,3)(1,2)(1,2)(1,3)(1,3)(1,2)(1,1)(1,1)(1,1)(1,1)
(1,1)(1,1)(1,1)(1,1)(1,2)(1,2)(1,3)(1,4)(1,3)(1,3)(1,3)(1,3)(1,3)(1,2)(1,1)(1,1)(1,2)(1,3)(1,3)(1,2)(1,1)
(1,1)(1,1)(1,1)(1,2)(1,2)(1,3)(1,3)(1,3)(1,4)(1,4)(1,4)(1,4)(1,3)(1,3)(1,3)(1,4)(2,4)(2,5)(3,5)(2,4)(2,3)
(2,3)(1,2)(1,2)(1,3)(2,4)(7,6)(6,6)(2,6)(1,4)(1,2)(1,1)(1,2)(1,3)(2,4)(2,6)(2,6)(1,5)(1,4)(1,3)(1,3)(1,4)
(1,4)(1,5)(1,3)(1,2)(1,2)(1,2)(1,2)(1,2)(1,1)(1,2)(1,3)(1,3)(1,2)(1,2)(1,1)(1,1)(1,2)(1,2)(1,4)(1,6)(1,7)
(1,7)(1,6)(1,4)(1,3)(1,3)(1,2)(1,1)(1,1)(1,2)(1,3)(1,5)(1,5)(1,4)(1,2)(1,2)(1,1)(1,1)(1,2)(1,2)(1,1)(1,1)
(1,1)(1,1)(1,1)(1,1)(1,2)(1,4)(1,6)(1,6)(1,3)(1,2)(1,2)(1,2)(1,1)(1,1)(1,2)(1,2)(1,2)(1,2)(1,3)(1,7)(1,10)
(1,10)(1,8)(1,6)(1,5)(1,3)(1,2)(1,3)(2,5)(3,6)(2,5)(2,4)(2,4)(2,4)(1,4)(1,3)(1,4)(1,5)(4,7)(9,7)(1,5)(1,3)
(1,3)(1,2)(1,2)(1,2)(1,2)(1,4)(1,4)(1,4)(1,2)(1,1)(1,1)(1,3)(1,4)(1,3)(1,3)(1,2)(1,2)(1,2)(1,1)(1,2)(1,2)
(1,2)(1,2)(1,1)(1,1)(1,1)(1,2)(1,3)(1,2)(1,2)(1,1)(1,1)(1,2)(1,3)(1,3)(1,3)(1,2)(1,1)(1,2)(1,1)(1,1)(1,1)
(1,1)(1,1)(1,2)(1,2)(1,2)(1,1)(1,1)(1,1)(1,2)(1,2)(1,2)(1,3)(1,5)(1,5)(1,5)(1,3)(1,2)(1,1)(1,1)(1,2)(1,2)
(1,2)(1,2)(1,2)(1,2)(1,2)(1,1)(1,2)(1,3)(1,3)(1,3)(1,1)(1,1)(1,2)(1,4)(1,3)(1,2)(1,1)(1,2)(1,3)(1,3)(1,3)
(1,3)(1,1)(1,1)(1,2)(1,2)(1,2)(1,3)(1,3)(1,3)(1,2)(1,2)(1,2)(1,2)(1,2)(1,3)(1,3)(1,2)(1,2)(1,4)(1,4)(1,3)
(1,3)(1,1)(1,1)(1,2)(1,1)(1,2)(1,3)(1,4)(1,4)(1,3)(1,2)(1,2)(1,2)(1,3)(1,3)(1,2)(1,1)(1,2)(1,2)(1,2)(1,3)
(1,3)(2,4)(2,5)(1,4)(1,4)(1,3)(1,4)(1,4)(1,5)(1,5)(1,5)(1,4)(1,4)(1,3)(1,3)(1,4)(1,5)(1,4)(1,5)(1,7)(1,9)
(1,9)(2,9)(2,8)(1,4)(1,2)(1,3)(1,2)(1,2)(1,3)(1,3)(1,4)(1,4)(1,3)(1,2)(1,2)(2,2)(2,3)(3,5)(2,5)
__________________________________________________________________________________________
