Faller : True
Time X Y
0.0 0.420154477139 2.64054821843
40.0 0.418314732029 2.61728283602
80.0 0.391488370132 2.65689071411
120.0 0.36883244402 2.69994964782
160.0 0.348553807075 2.63166932948
200.0 0.339542103704 2.52757336233
240.0 0.337257503001 2.41498945932
280.0 0.336676331873 2.32221466516
320.0 0.310890879492 2.32915958595
360.0 0.274523365643 2.38676297782
400.0 0.252323321492 2.37624339307
440.0 0.219304122328 2.31602470287
480.0 0.197573626779 2.23849830701
520.0 0.206918050815 2.20685137182
560.0 0.213600518499 2.23485073452
600.0 0.199921016101 2.24648437657
640.0 0.143903813892 2.25057663413
680.0 0.112751488047 2.28331490586
720.0 0.10804446314 2.31715932193
760.0 0.0982715742327 2.36861819138
800.0 0.0909327295725 2.44420817278
840.0 0.0783629617281 2.47327375829
880.0 0.0808068036773 2.45691379389
920.0 0.0881140842909 2.49390746314
960.0 0.142982345759 2.64452577008
1000.0 0.16686715767 2.71290032079
1040.0 0.14190322963 2.65927538564
1080.0 0.111933015277 2.59197998029
1120.0 0.119504262305 2.55177152439
1160.0 0.113467699739 2.50729297075
1200.0 0.0995133079811 2.49128219822
1240.0 0.110537995761 2.49867112704
1280.0 0.145283338729 2.57408153333
1320.0 0.190136565177 2.7026019104
1360.0 0.203000637308 2.73422580602
1400.0 0.202956457898 2.73748233581
1440.0 0.19421556864 2.73019111744
1480.0 0.178462382554 2.67585483427
1520.0 0.207879494837 2.67902130025
1560.0 0.265643424281 2.77189843562
1600.0 0.29704121913 2.80200231423
1640.0 0.278882726895 2.77377715573
1680.0 0.249514477411 2.81885661074
1720.0 0.229883966643 2.86618570941
1760.0 0.239455361066 2.85451441305
1800.0 0.237532848078 2.80134075405
1840.0 0.218339096229 2.74867233241
1880.0 0.218511128398 2.70174376436
1920.0 0.243104084707 2.65010813969
1960.0 0.246250947765 2.61720736872
2000.0 0.237437111263 2.59200050256
2040.0 0.245487133368 2.58395235314
2080.0 0.242245793378 2.62395684394
2120.0 0.236262291663 2.61426884138
2160.0 0.225627583853 2.59561109646
2200.0 0.226417371312 2.63161610464
2240.0 0.246821543035 2.66062781506
2280.0 0.233168422224 2.67108493344
2320.0 0.225688463847 2.75362030383
2360.0 0.257025312893 2.86789301086
2400.0 0.253277449068 2.86665616165
2440.0 0.233081110157 2.82633644174
2480.0 0.227466367887 2.81615958892
2520.0 0.230718478161 2.81166696608
2560.0 0.226730775079 2.81650209418
2600.0 0.22785358735 2.82785180823
2640.0 0.24812466883 2.83642908226
2680.0 0.282758379156 2.87285916877
2720.0 0.325543433741 2.90385003595
2760.0 0.323310904949 2.90806074758
2800.0 0.311479055897 2.93566780623
2840.0 0.306363689826 2.94395928911
2880.0 0.297785247095 2.96211136237
2920.0 0.283067744974 3.0112019107
2960.0 0.27157909087 3.03236680632
3000.0 0.277123879345 3.04974528188
3040.0 0.272951717923 3.05713688639
3080.0 0.25657314502 3.01047351788
3120.0 0.25715322464 2.99981519382
3160.0 0.283618620816 3.01023698553
3200.0 0.306520008405 2.96613990145
3240.0 0.308261501751 2.89677645603
3280.0 0.296459518853 2.86489580234
3320.0 0.284121064387 2.85516651023
3360.0 0.285004611577 2.82720530504
3400.0 0.284184267449 2.7817860839
3440.0 0.258567895843 2.73765400383
3480.0 0.228860919284 2.68113023695
3520.0 0.19812486932 2.63607279767
3560.0 0.182852352529 2.69857087438
3600.0 0.209408976419 2.82763544635
3640.0 0.22944063526 2.84723346939
3680.0 0.232597005521 2.85288384656
3720.0 0.25352261843 2.88779107167
3760.0 0.260095290854 2.88036669489
3800.0 0.253317388806 2.82548338251
3840.0 0.256619215232 2.75468424284
3880.0 0.238095203251 2.71899206699
3920.0 0.225995215276 2.75057674084
3960.0 0.237993494637 2.78369353147
4000.0 0.254218803185 2.78226221488
4040.0 0.260474334822 2.82347626508
4080.0 0.294578447556 2.89938649883
4120.0 0.331085448061 2.94663475241
4160.0 0.332696246688 2.92581705135
4200.0 0.317820019784 2.86889754161
4240.0 0.320463762875 2.81487579965
4280.0 0.325060362041 2.86619868613
4320.0 0.334442363936 3.01269519577
4360.0 0.330004674089 3.07970630802
4400.0 0.299502727369 3.03233464689
4440.0 0.258249095474 2.92713382647
4480.0 0.229337245399 2.82771384446
4520.0 0.239236940169 2.73954066322
4560.0 0.25062351802 2.68398632691
4600.0 0.255138936073 2.66850797802
4640.0 0.284562091152 2.78408506155
4680.0 0.330425103355 2.92621928921
4720.0 0.354736049346 2.94651337231
4760.0 0.33915047527 2.92673676799
4800.0 0.314983565064 2.99623722253
4840.0 0.310058715347 3.08497993236
4880.0 0.315168790031 3.11241217497
4920.0 0.302984273855 3.08766896329
4960.0 0.294944788095 3.09306850786
5000.0 0.319130521504 3.11764254018
5040.0 0.331219068916 3.11433064694
5080.0 0.349657524794 3.11889125092
5120.0 0.370281848425 3.1386304146
5160.0 0.372308356934 3.13957225903
5200.0 0.382679576128 3.12356881431
5240.0 0.40959813118 3.08289922502
5280.0 0.426504707445 3.02185271412
5320.0 0.435947294875 2.96949616043
5360.0 0.431019662509 2.98308554666
5400.0 0.423180270985 3.0396504579
5440.0 0.41229719825 3.03770896996
5480.0 0.403430330506 3.00919216012
5520.0 0.392970303957 3.05163741585
5560.0 0.402117786999 3.1136298514
5600.0 0.384786754641 3.09696727336
5640.0 0.345196144727 3.05192917622
5680.0 0.324456373498 2.98028079376
5720.0 0.327293983935 2.89702592517
5760.0 0.324200980653 2.85630483049
5800.0 0.327766936873 2.90904854934
5840.0 0.350080442284 3.0218747939
5880.0 0.356746539298 3.06532961115
5920.0 0.340302616156 3.03579599611
5960.0 0.347228292051 2.99258004438
6000.0 0.367216077365 2.93484364507
6040.0 0.374747534678 2.89074035884
6080.0 0.372681299558 2.89991532305
6120.0 0.366197668377 2.96425167363
6160.0 0.380395853555 3.04124292093
6200.0 0.388551282104 3.06865070646
6240.0 0.394272382769 3.0650508701
6280.0 0.409388598704 3.02650113669
6320.0 0.417622704175 2.96127188159
6360.0 0.429720525231 2.89553059601
6400.0 0.442856383538 2.84288590125
6440.0 0.436887964003 2.83106148575
6480.0 0.44782504782 2.84503282131
6520.0 0.493652255645 2.90267210359
6560.0 0.520006124076 2.96280835373
6600.0 0.537766582234 2.9760916244
6640.0 0.556609811529 2.9933002901
6680.0 0.544138133317 3.00443951089
6720.0 0.541651320183 2.9949985115
6760.0 0.549998458061 2.99040254014
6800.0 0.56056781529 3.03688754539
6840.0 0.571453165882 3.1050750639
6880.0 0.570198029343 3.13721011701
6920.0 0.556427678404 3.12178468181
6960.0 0.545821688316 3.05783236344
7000.0 0.551541721454 2.98520049142
7040.0 0.536352304837 2.93544756421
7080.0 0.519571858853 2.93379977819
7120.0 0.548589538778 2.97005502697
7160.0 0.555939881288 2.98299429543
7200.0 0.532953978852 2.96890169546
7240.0 0.547310656798 3.0426796865
7280.0 0.576813777877 3.12335498577
7320.0 0.574675080816 3.15249587159
7360.0 0.569566907853 3.18779198637
7400.0 0.580309781844 3.27205272571
7440.0 0.58923724695 3.30034767834
7480.0 0.625906692448 3.28973920524
7520.0 0.648260030268 3.32317602745
7560.0 0.665376994102 3.38238904967
7600.0 0.690962971501 3.42157398558
7640.0 0.707035321066 3.44046537914
7680.0 0.709542740389 3.44209530985
7720.0 0.684831186824 3.49475464889
7760.0 0.674428421367 3.54861056389
7800.0 0.676037457052 3.54406481203
7840.0 0.677044671956 3.54096798091
7880.0 0.683628894404 3.55793288532
7920.0 0.699679179857 3.55374855326
7960.0 0.687029491883 3.51779241648
8000.0 0.653658801208 3.43644000518
8040.0 0.636819805871 3.39318945892
8080.0 0.644898834412 3.41840774273
8120.0 0.639495094428 3.42507936338
8160.0 0.636863740891 3.3994588345
8200.0 0.634670760323 3.40969352886
8240.0 0.617938731942 3.46484132944
8280.0 0.616071905857 3.49237018
8320.0 0.613647552557 3.46439622762
8360.0 0.610573733077 3.45838333601
8400.0 0.601838687485 3.5079356712
8440.0 0.610183462383 3.55708933673
8480.0 0.630067750448 3.56004438384
8520.0 0.631190609557 3.57983840414
8560.0 0.626553489229 3.62225121733
8600.0 0.659436377711 3.62823999784
8640.0 0.695737242777 3.58829796379
8680.0 0.715467377938 3.55032558964
8720.0 0.748734497437 3.53531674721
8760.0 0.802822071304 3.51120012859
8800.0 0.844716693964 3.48191004717
8840.0 0.870778896301 3.50009471555
8880.0 0.897684899051 3.57198136502
8920.0 0.900568762888 3.60349977165
8960.0 0.863539399244 3.58148565757
9000.0 0.83985439185 3.60161932235
9040.0 0.834586742985 3.64936926236
9080.0 0.841157138446 3.64150258406
9120.0 0.83846065574 3.61676885287
9160.0 0.83403092839 3.61132503877
9200.0 0.855767271893 3.59728033075
9240.0 0.870366283664 3.56961114847
9280.0 0.847156960062 3.57257908371
9320.0 0.827910118073 3.6184500156
9360.0 0.801428786563 3.66575163723
9400.0 0.783361287815 3.65411747076
9440.0 0.776819135908 3.64824261463
9480.0 0.770075281604 3.68827373138
9520.0 0.779571107655 3.70497116456
9560.0 0.802780644097 3.71197180907
9600.0 0.800687851727 3.72692250148
9640.0 0.782980753691 3.73834764357
9680.0 0.763993123734 3.75309979017
9720.0 0.800489032183 3.78239218626
9760.0 0.845402715161 3.80846774728
9800.0 0.852851281537 3.81881397135
9840.0 0.856688948157 3.85757454359
9880.0 0.875078399738 3.91711074747
9920.0 0.885658531538 3.9422902458
9960.0 0.894363229531 3.96737201573
10000.0 0.898066707762 3.97805256315
10040.0 0.902395016797 3.97866614449
10080.0 0.920900290034 4.00806331973
10120.0 0.952764421089 4.02473695517
10160.0 0.992476311562 4.03774501012
10200.0 1.03789783878 4.08845794209
10240.0 1.07915258228 4.12690609307
10280.0 1.11446501164 4.12809336981
10320.0 1.10777604895 4.11194934611
10360.0 1.05881754766 4.07435791461
10400.0 1.04521095435 4.05080677102
10440.0 1.061878444 4.07260516413
10480.0 1.05007399899 4.12872613294
10520.0 1.03881079488 4.18901237224
10560.0 1.01651341839 4.20832999881
10600.0 0.961390133991 4.18448998276
10640.0 0.908908142445 4.13061618339
10680.0 0.868202943997 4.10487030474
10720.0 0.85514321252 4.08701300618
10760.0 0.839937403855 4.01998216318
10800.0 0.802257603051 3.96109663853
10840.0 0.790702404224 3.99920069761
10880.0 0.773676552317 4.07299924182
10920.0 0.74995590315 4.09073945792
10960.0 0.778646633393 4.10902763486
11000.0 0.811625630037 4.15547218721
11040.0 0.815849249609 4.12845734023
11080.0 0.800117959456 4.0505517514
11120.0 0.79673255358 3.99905743976
11160.0 0.806397482798 4.01904535974
11200.0 0.820636230776 4.09444799227
11240.0 0.824023544774 4.14950992925
11280.0 0.848444126801 4.1825493845
11320.0 0.893923986179 4.21467356833
11360.0 0.928362401117 4.27170478013
11400.0 0.953346221458 4.27946253345
11440.0 0.982893943245 4.24889674966
11480.0 1.02238389884 4.23508693126
11520.0 1.02692550677 4.21794833911
11560.0 1.04767880978 4.20509139912
11600.0 1.06678061364 4.22207988533
11640.0 1.06428852638 4.28472374614
11680.0 1.06825125604 4.30619309526
11720.0 1.07838585646 4.28537320299
11760.0 1.06327070852 4.23451993145
11800.0 1.03069140519 4.14042161899
11840.0 1.00799844397 4.0995483033
11880.0 0.974496934123 4.11425101823
11920.0 0.937338430527 4.10116321819
11960.0 0.920330761789 4.12232672819
12000.0 0.932708209587 4.25704627936
12040.0 0.955450706808 4.32710037431
12080.0 0.966067315338 4.31046254876
12120.0 0.954858225832 4.27547968862
12160.0 0.946703727805 4.29099870097
12200.0 0.954305868977 4.32329048696
12240.0 0.951264703939 4.32008103527
12280.0 0.945076012292 4.33690499666
12320.0 0.95144656402 4.31221439541
12360.0 0.944049796267 4.22847349272
12400.0 0.973121399597 4.22446629788
12440.0 1.02414493886 4.27934111759
12480.0 1.039150532 4.26224525431
12520.0 1.02221304842 4.21384551259
12560.0 1.01470745506 4.25676571759
12600.0 1.02776440467 4.31650124652
12640.0 1.01826486426 4.33244809347
12680.0 0.98995017647 4.39379302377
12720.0 0.967125784839 4.42693385372
12760.0 0.967581469921 4.40841021552
12800.0 0.970842841804 4.42220430256
12840.0 0.954229918841 4.45580252272
12880.0 0.907495051848 4.45722048748
12920.0 0.885021078223 4.47245930324
12960.0 0.897744434206 4.43603006148
13000.0 0.894784583202 4.31036819955
13040.0 0.897032775647 4.26937321078
13080.0 0.912263063705 4.30948955374
13120.0 0.921018569971 4.31419053097
13160.0 0.922816643896 4.2789890749
13200.0 0.929833781416 4.31889134654
13240.0 0.969766560827 4.38290662635
13280.0 0.990376575739 4.40561299869
13320.0 1.00672811044 4.43046679952
13360.0 1.0324436076 4.48895144891
13400.0 1.05928937027 4.50383611801
13440.0 1.06131540605 4.47909144017
13480.0 1.06247026408 4.49652790112
13520.0 1.10905769664 4.57341680115
13560.0 1.13722872608 4.61019414706
13600.0 1.12350096652 4.58051873845
13640.0 1.09968366093 4.49831981132
13680.0 1.06300052695 4.35483811359
13720.0 1.06069836448 4.26146531756
13760.0 1.10123977593 4.22081013568
13800.0 1.09700469477 4.21452266497
13840.0 1.06323792848 4.22415364988
13880.0 1.05182914035 4.24096647112
13920.0 1.09051841177 4.36432968794
13960.0 1.14647652391 4.52093270596
14000.0 1.13492355687 4.52426229387
14040.0 1.10496387249 4.49405942896
14080.0 1.10439992687 4.49266564863
14120.0 1.09028665792 4.47067553551
14160.0 1.09800235965 4.41651214959
14200.0 1.1103191238 4.37074197628
14240.0 1.12332662077 4.38664022875
14280.0 1.15781977496 4.46287861428
14320.0 1.17435553145 4.49093485163
14360.0 1.1656715353 4.46808715074
14400.0 1.15122045228 4.44719988402
14440.0 1.1247333899 4.46989472599
14480.0 1.13322173129 4.51378463315
14520.0 1.14822577779 4.4907172501
14560.0 1.12713089388 4.46633650821
14600.0 1.10698668722 4.51016912413
14640.0 1.12543305343 4.53999570684
14680.0 1.13604612743 4.54578828453
14720.0 1.13226423384 4.55494933483
14760.0 1.11460873187 4.57173467337
14800.0 1.09180136539 4.58492927053
14840.0 1.08154995522 4.59814658613
14880.0 1.08373297893 4.62380817942
14920.0 1.07318265167 4.61268642455
14960.0 1.03876024411 4.5928617716
15000.0 1.0288661277 4.61256399416
15040.0 1.0531437751 4.65037718888
15080.0 1.04080450869 4.61544796457
15120.0 1.00818177005 4.57284134636
15160.0 1.0201771112 4.59681094833
15200.0 1.06127898015 4.65338704647
15240.0 1.04740960255 4.65070408543
15280.0 0.973740660495 4.58432897844
15320.0 0.939309827712 4.55805464254
15360.0 0.963609518771 4.60902007736
15400.0 1.00605072252 4.65124672825
15440.0 1.01258193897 4.6354911507
15480.0 1.03647301198 4.62507564831
15520.0 1.07830271602 4.64743927373
15560.0 1.12088586461 4.67827409786
15600.0 1.13429847191 4.66973346888
15640.0 1.11548581728 4.62741918434
15680.0 1.11835233395 4.6157024103
15720.0 1.15392357556 4.68121881744
15760.0 1.18491609368 4.74639011024
15800.0 1.20412554538 4.74479561995
15840.0 1.19124471829 4.71373550639
15880.0 1.18689280782 4.70821454156
15920.0 1.20048702185 4.74813123058
15960.0 1.19498946679 4.75365006317
16000.0 1.16715624337 4.74654454704
16040.0 1.14421672004 4.77952468745
16080.0 1.13583006518 4.80714412771
16120.0 1.1441552599 4.81496752837
16160.0 1.1440621608 4.82738355355
16200.0 1.14814619583 4.84612823615
16240.0 1.13693272066 4.87520531929
16280.0 1.13589269433 4.88009549689
16320.0 1.12920035436 4.88260657027
16360.0 1.10828236146 4.89631633504
16400.0 1.12190406018 4.88205135076
16440.0 1.14361315379 4.83318646747
16480.0 1.161093694 4.84850512498
16520.0 1.19011650852 4.92783697752
16560.0 1.18095294898 4.92665725849
16600.0 1.12517173274 4.84583910904
16640.0 1.07697803102 4.78784017328
16680.0 1.03970837937 4.7780882066
16720.0 1.04499426347 4.78720256329
16760.0 1.05070231298 4.75967427661
16800.0 1.03712182107 4.73861667013
16840.0 1.01997107788 4.77376926519
16880.0 1.04138734548 4.81815900689
16920.0 1.05373756968 4.82652209338
16960.0 1.06617059429 4.82989098538
17000.0 1.08720511272 4.85792399867
17040.0 1.08118273445 4.8802696519
17080.0 1.09096503581 4.86330771449
17120.0 1.1112017494 4.83538282359
17160.0 1.12204964227 4.8577573982
17200.0 1.12281430245 4.87780886916
17240.0 1.12376816299 4.8668419551
17280.0 1.10732758579 4.85991470552
17320.0 1.10918799612 4.86018058426
17360.0 1.14529479639 4.87120489617
17400.0 1.15273177385 4.88859337605
17440.0 1.13295425627 4.93214978604
17480.0 1.13016672446 4.97117246102
17520.0 1.10619975808 4.96498617968
17560.0 1.08884987638 4.93617215172
17600.0 1.07829733336 4.92367768786
17640.0 1.07936748507 4.97925651357
17680.0 1.09980505719 5.05675585567
17720.0 1.10598556347 5.065148086
17760.0 1.07469803372 5.03930317134
17800.0 1.05716937113 5.02704589932
17840.0 1.06469094397 5.03602625297
17880.0 1.0907615174 5.05372387773
17920.0 1.11879150352 5.08172218196
17960.0 1.10663998721 5.06608606706
18000.0 1.08955684862 5.02047064995
18040.0 1.10272980128 4.99851441644
18080.0 1.11265638906 5.01014896333
18120.0 1.13692192105 5.0487747775
18160.0 1.14773658216 5.05759287183
18200.0 1.16992548601 5.05005117473
18240.0 1.18047445885 5.07308001925
18280.0 1.17225387109 5.10498856225
18320.0 1.16514564428 5.11139639328
18360.0 1.16601178485 5.14889724556
18400.0 1.22505869678 5.21235992913
18440.0 1.27680813775 5.24251771567
18480.0 1.25014909884 5.28577534785
18520.0 1.2126729633 5.33193363954
18560.0 1.20728075309 5.3491757233
18600.0 1.21814324838 5.36829338803
18640.0 1.20392428589 5.37165895459
18680.0 1.2044102979 5.38379137428
18720.0 1.19054208746 5.38080702998
18760.0 1.17506291863 5.3599247908
18800.0 1.17633240659 5.36253002446
18840.0 1.17145211616 5.38485981963
18880.0 1.18843712852 5.43407256024
18920.0 1.21359837314 5.43599749932
18960.0 1.21444058181 5.37566246092
19000.0 1.18393242947 5.2933613439
19040.0 1.1255905196 5.29371825063
19080.0 1.11129497026 5.33891764677
19120.0 1.13878330018 5.330271728
19160.0 1.12479879514 5.29566778253
19200.0 1.10477422873 5.28849923222
19240.0 1.10561168025 5.32321948247
19280.0 1.09901010173 5.34239499178
19320.0 1.07169968538 5.32915261878
19360.0 1.07517791747 5.38084859817
19400.0 1.05891907542 5.42488226633
19440.0 1.05283781689 5.38302876017
19480.0 1.07148815965 5.32789343267
19520.0 1.10150508821 5.3240740879
19560.0 1.09806685562 5.36071615778
19600.0 1.08453479299 5.38730722904
19640.0 1.10397853958 5.38859767688
19680.0 1.11205306401 5.38804294174
19720.0 1.10065262267 5.41509259907
19760.0 1.10618646545 5.43525960172
19800.0 1.11394713137 5.41922715265
19840.0 1.11002637613 5.44304375871
19880.0 1.11520772003 5.45652525265
19920.0 1.12930663629 5.46368658667
19960.0 1.13391928054 5.45851040185
