[NonFaller\6\Open\patient6openEyes.txt]
600 samples
24 Markov chains

(1,2)(1,2)(2,2)(2,2)(2,1)(1,2)(1,1)(1,1)(2,3)(1,3)(1,1)(2,2)(2,3)(2,3)(1,2)(1,3)(2,3)(1,3)(2,4)(1,4)(1,4)(1,5)(2,5)(3,6)(1,5)(1,3)
(1,3)(1,1)(1,3)(2,2)(2,2)(2,3)(2,3)(2,2)(3,4)(2,3)(2,4)(3,4)(2,4)(2,4)(2,3)(2,4)(3,6)(2,6)(1,6)(1,7)(2,6)(2,5)(1,3)(1,3)(1,2)(1,1)
(1,1)(1,1)(2,2)(1,1)(2,2)(3,3)(2,2)(1,1)(2,2)(1,1)(1,1)(1,2)(4,3)(3,2)(2,2)(2,2)(2,2)(2,2)(3,3)(3,3)(3,2)(3,3)(3,3)(1,1)(2,2)(1,1)
(1,1)(1,1)(1,2)(1,2)(1,2)(2,2)(2,2)(1,1)(2,2)(2,1)(1,1)(2,2)(2,2)(1,2)(2,2)(3,2)(2,2)(2,2)(2,2)(2,2)(2,2)(1,2)(1,1)(2,2)(1,1)(1,2)
(1,2)(3,3)(2,3)(1,3)(1,5)(1,4)(1,4)(1,3)(1,1)(1,1)(1,2)(1,2)(1,2)(1,1)(1,1)(1,1)(1,1)(1,2)(1,2)(1,1)(1,1)(1,2)(1,1)(1,2)(1,3)(1,3)
(1,3)(1,3)(2,3)(1,3)(1,3)(1,2)(1,2)(1,2)(2,2)(1,1)(2,2)(1,1)(2,2)(1,1)(1,1)(1,1)(1,1)(1,1)(2,3)(1,1)(1,1)(1,1)(1,1)(1,1)(1,1)(1,1)
(1,1)(1,1)(1,1)(1,1)(2,1)(1,2)(3,3)(3,3)(2,3)(1,4)(2,3)(5,6)(3,6)(3,8)(4,7)(3,6)(2,3)(2,2)(3,3)(5,4)(3,4)(1,6)(2,6)(3,3)(2,2)(4,3)
(4,3)(4,6)(5,8)(5,8)(3,7)(3,6)(2,8)(3,8)(1,6)(1,4)(2,4)(1,4)(1,4)(1,4)(1,4)(2,3)(1,1)(1,2)(2,3)(2,4)(1,2)(1,1)(1,1)(1,2)(2,2)(2,2)
(2,2)(1,1)(1,2)(3,3)(1,2)(1,2)(1,1)(1,2)(2,3)(2,4)(3,7)(1,6)(1,7)(1,6)(1,5)(1,2)(2,4)(1,3)(1,2)(2,3)(4,3)(1,2)(1,2)(2,1)(1,1)(3,3)
(3,3)(2,2)(2,2)(2,2)(3,2)(1,2)(2,2)(2,2)(3,3)(4,3)(2,2)(3,2)(1,1)(2,3)(3,3)(2,2)(1,1)(2,2)(2,2)(1,2)(1,2)(2,2)(3,3)(2,3)(1,4)(2,6)
(2,6)(2,6)(2,5)(2,3)(1,1)(1,2)(2,2)(1,1)(1,2)(3,3)(2,3)(2,2)(2,2)(1,3)(1,3)(2,3)(3,2)(1,2)(1,2)(1,2)(2,3)(2,4)(2,5)(3,4)(2,3)(1,4)
(1,4)(2,4)(1,3)(1,4)(1,3)(1,2)(1,2)(1,1)(2,2)(1,2)(1,2)(1,2)(1,1)(1,1)(3,3)(1,1)(1,2)(1,2)(2,3)(3,4)(1,3)(2,2)(1,3)(1,2)(1,3)(1,2)
(1,2)(1,3)(1,4)(2,3)(1,2)(2,2)(2,2)(2,2)(1,2)(1,2)(2,3)(3,3)(4,3)(4,4)(3,4)(1,3)(2,2)(3,2)(3,2)(1,1)(1,1)(1,1)(1,2)(3,3)(2,2)(2,2)
(2,2)(1,4)(1,4)(3,6)(5,7)(6,7)(3,6)(3,6)(2,4)(1,4)(1,2)(3,2)(2,2)(1,2)(1,2)(2,2)(2,2)(1,3)(3,2)(3,3)(2,2)(2,2)(1,2)(3,2)(3,3)(2,2)
(2,2)(2,2)(3,3)(3,3)(2,2)(2,2)(3,3)(3,2)(1,1)(2,2)(1,1)(1,1)(1,1)(2,2)(2,2)(1,3)(2,4)(3,3)(2,2)(2,2)(2,2)(1,2)(2,3)(2,2)(3,3)(1,3)
(1,3)(3,3)(2,3)(1,2)(1,2)(1,4)(2,3)(3,2)(2,3)(3,3)(3,3)(5,4)(4,4)(4,4)(3,4)(5,5)(6,6)(8,7)(6,4)(3,4)(2,4)(4,5)(4,4)(3,4)(3,4)(7,4)
(7,4)(6,5)(2,4)(4,3)(1,1)(1,1)(3,3)(6,6)(9,7)(9,9)(10,9)(10,10)(6,8)(6,7)(6,8)(3,6)(2,5)(1,3)(1,3)(1,4)(1,3)(1,3)(1,1)(2,3)(2,4)(1,2)
(1,2)(1,3)(1,1)(1,2)(3,2)(2,2)(1,1)(1,1)(2,2)(2,2)(3,2)(2,2)(2,2)(2,2)(2,3)(2,4)(1,3)(2,2)(2,2)(2,2)(2,2)(2,2)(2,2)(1,1)(1,1)(1,1)
(1,1)(1,1)(1,2)(1,2)(1,2)(1,2)(2,2)(1,2)(1,2)(1,3)(1,3)(4,4)(3,3)(1,2)(2,2)(2,2)(2,2)(3,3)(1,2)(2,3)(3,3)(4,4)(3,5)(3,5)(4,5)(3,4)
(3,4)(5,5)(6,6)(5,4)(3,3)(4,4)(4,3)(2,2)(2,2)(1,1)(1,1)(3,2)(3,2)(1,1)(2,2)(4,3)(4,3)(3,4)(2,4)(3,4)(4,3)(2,2)(1,1)(1,1)(2,2)(2,2)
(2,2)(3,3)(2,2)(1,1)(1,2)(3,3)(3,3)(2,2)(2,4)(5,6)(5,5)(3,5)(4,5)(4,5)(3,4)(1,4)(2,3)(1,3)(1,3)(1,3)(1,2)(1,1)(1,2)(1,2)(1,1)(1,1)
(1,1)(1,3)(1,2)(2,2)(2,2)(2,2)(1,1)(2,2)(3,2)(2,2)(3,2)(2,2)(2,2)(2,2)(1,2)(2,2)(2,2)(1,1)(2,2)(1,1)(1,1)(2,2)(1,2)(1,3)(1,1)(1,2)
(1,2)(3,3)(3,4)(2,4)(2,2)(1,3)(1,2)(1,1)(1,1)(3,2)(3,3)(3,3)(2,3)(3,3)(3,3)(3,3)(3,3)(3,2)(4,3)(4,3)(4,3)(4,4)(6,4)(4,4)(2,3)(5,4)
(5,4)(3,2)(3,2)(1,1)(1,1)(2,2)(1,2)(1,3)(4,3)(7,5)(4,4)(4,4)(3,2)(1,1)(1,1)(1,1)(1,1)(1,2)(1,2)(2,2)(2,1)(1,1)(1,1)(1,2)
__________________________________________________________________________________________
