
Parameters: 11 states AND 11 symbols

Matrix A :

0	0	0	0	0	0	0	0.738287	0	0.261713	0	
0.0063492	0.749248	0.244392	1.05173e-05	0	0	0	0	0	0	0	
0	0.0230117	0.485306	0.226395	0.265287	0	0	0	0	0	0	
0.00878461	0.321535	0.188622	0.480949	0.000109057	0	0	0	0	0	0	
0	0.01596	0.0324167	0.213081	0.594616	0	0.139221	0.00470552	0	0	0	
0	0	0.0147106	0.0637302	0.69929	0.131823	0.0904463	0	0	0	0	
0	0	0	0	0.226933	0.1759	0.37433	0.175087	0.0318333	0	0.0159169	
0	0	0	0	0	0.457142	0	0.342857	0.2	0	0	
0	0	0	0	0	0.0883981	0.0526206	0.329051	0.166734	0.0988533	0.264343	
0	0	0	0	0	0	0	0	1	0	0	
0	0	0	0	0	0	0	0.0909094	0	0.545454	0.363636	


Matrix B :

0	0	0	1	0	0	0	0	0	0	0	
0	0.999967	3.33545e-05	0	0	0	0	0	0	0	0	
0	0	1	0	0	0	0	0	0	0	0	
0	0	1	0	0	0	0	0	0	0	0	
0	0	0	1	0	0	0	0	0	0	0	
0	0.0546778	0	0.227293	0.718029	0	0	0	0	0	0	
0	0.00181193	0	0	0.998188	0	0	0	0	0	0	
0	0	0	0	0	0.999996	3.82215e-06	0	0	0	0	
0	0	0	0	0	0	0.893126	0	0	0	0.106874	
0	0	0	0	0	0	0	0.920198	0	0	0.079802	
0	0	0	0	0	0	0	0.569836	0.430164	0	0	


Vector Pi :

0	0.316591	0.122646	0.210675	0.261159	0.0234983	0.0487649	0	0	0	0.0166667	


Vector Phi :

0.00322554	0.261001	0.203411	0.178539	0.210456	0.0278182	0.0523533	0.0292318	0.0178629	0.0073716	0.00872966	
