
Parameters: 11 states AND 11 symbols

Matrix A :

0.44552	0	0	0	0	0	0.0296162	3.98952e-07	0	0.182909	0.341954	
0	0.484091	0.425041	0.0908683	0	0	0	0	0	0	0	
0	0.23271	0.549845	0.184816	0.0304427	0	0	0	0.00218654	0	0	
0	0.0254323	0.26492	0.39664	0.2135	0.0502854	0.00980597	0	0.0394159	0	0	
0	0	0	3.08043e-06	0.33773	0.33815	0.0601627	0.204011	0.0599433	0	0	
0	0.192232	0.714677	0.0925649	0	0.000526009	0	0	0	0	0	
0.302197	0	0.0721999	0	0	0.00618422	0	0	0	0.619419	0	
0	0	0.0936419	0	0.107104	0.358941	0	0.400353	0	0	0.0399594	
0	0	0	0	0	0.0788938	0.270671	0.469918	0	0.180517	0	
0	0.0472372	0	0	0	0	0	0.559676	0	0.393086	0	
0	0	0	0.453159	0	0	0	0	0.206857	0	0.339984	


Matrix B :

0	0	0	0	0	0	0.279781	0	0.576175	0.144044	0	
0	0.998321	0.001679	0	0	0	0	0	0	0	0	
0	0.000382801	0.999614	3.41125e-06	0	0	0	0	0	0	0	
0	0	9.91988e-05	0.999901	0	0	0	0	0	0	0	
0	0	0	0	0.999971	2.92158e-05	0	0	0	0	0	
0	0	0	0.612356	0.387644	0	0	0	0	0	0	
0	0	0	0	0	0	1	0	0	0	0	
0	0	0	0	0	0.685596	0.314404	0	0	0	0	
0	0	0.0613877	0	0	0.938612	0	0	0	0	0	
0	0	0	0	0	0	0.0581678	0.894741	0	0	0.0470916	
0	0.124838	0	0	0.875162	0	0	0	0	0	0	


Vector Pi :

0	0.166755	0.416533	0.283376	0	0	0.0333333	0	0	0	0.100003	


Vector Phi :

0.00553357	0.206659	0.391534	0.16403	0.0793461	0.0550187	0.0101532	0.0523663	0.0133266	0.0159939	0.00603736	
