[Faller\11\Closed\patient11closeEyes.txt]
625 samples
25 Markov chains

(1,2)(1,2)(1,2)(1,3)(1,3)(1,3)(1,3)(1,2)(1,2)(1,2)(1,1)(1,2)(1,2)(1,1)(1,2)(1,2)(1,2)(1,2)(1,2)(1,2)(1,1)(2,3)(2,4)(1,2)(1,1)(1,2)
(1,2)(1,2)(1,2)(1,2)(1,2)(1,2)(1,2)(1,2)(2,3)(1,2)(1,2)(1,2)(1,2)(1,3)(1,2)(1,2)(1,2)(1,3)(1,3)(1,2)(1,2)(1,2)(1,2)(1,2)(1,1)(1,1)
(1,1)(1,2)(1,3)(1,3)(1,2)(1,2)(1,2)(1,2)(1,3)(1,2)(1,3)(2,6)(2,6)(2,5)(1,4)(1,3)(1,3)(1,4)(1,4)(1,3)(1,1)(1,5)(1,5)(1,2)(1,2)(1,3)
(1,3)(1,3)(1,1)(1,2)(1,1)(1,2)(1,2)(1,2)(1,2)(1,3)(1,2)(1,4)(1,5)(1,6)(1,6)(1,4)(1,2)(1,2)(1,3)(1,3)(1,3)(1,4)(1,5)(1,5)(1,6)(1,6)
(1,6)(1,5)(1,2)(1,2)(1,3)(1,3)(1,4)(1,4)(2,5)(1,4)(2,6)(1,6)(1,5)(1,3)(1,1)(1,1)(1,2)(1,2)(1,2)(1,6)(1,6)(1,4)(1,2)(1,4)(2,8)(3,10)
(3,10)(2,9)(1,7)(1,6)(1,6)(1,7)(1,5)(1,4)(1,1)(1,2)(1,1)(1,2)(1,1)(1,3)(1,5)(1,6)(1,4)(1,2)(1,2)(1,3)(1,3)(1,2)(1,4)(1,4)(1,3)(1,4)
(1,4)(1,4)(1,1)(1,2)(1,2)(1,3)(1,4)(1,2)(1,1)(1,2)(1,3)(1,3)(1,3)(1,4)(1,6)(1,6)(1,2)(1,1)(1,1)(1,1)(1,2)(1,4)(1,7)(1,6)(1,7)(1,7)
(1,7)(2,8)(2,9)(2,9)(2,7)(1,5)(1,4)(1,3)(1,1)(1,7)(1,7)(1,3)(1,1)(1,2)(1,4)(1,5)(2,6)(1,4)(1,3)(1,3)(1,3)(1,4)(1,1)(1,3)(1,3)(1,1)
(1,1)(1,3)(1,1)(1,2)(1,3)(1,2)(1,2)(1,1)(1,2)(1,4)(1,4)(1,2)(1,1)(1,3)(1,3)(1,2)(1,1)(1,2)(1,4)(1,4)(1,4)(1,5)(1,4)(1,1)(1,1)(1,1)
(1,1)(1,2)(1,2)(1,1)(1,2)(1,4)(1,5)(1,4)(1,3)(1,3)(1,4)(1,4)(1,4)(1,3)(1,3)(1,1)(1,3)(1,3)(1,2)(1,2)(1,2)(1,3)(1,5)(1,4)(1,2)(1,1)
(1,1)(1,1)(1,2)(1,1)(1,2)(1,2)(1,1)(1,2)(1,1)(1,1)(1,2)(1,2)(1,2)(1,2)(1,1)(1,1)(1,2)(1,2)(1,2)(1,2)(1,2)(1,2)(1,1)(1,1)(1,2)(1,2)
(1,2)(1,1)(1,1)(1,1)(1,2)(1,3)(1,2)(1,1)(1,1)(1,1)(1,2)(1,2)(1,3)(1,3)(1,1)(1,2)(1,2)(1,2)(1,1)(1,2)(1,1)(1,1)(1,1)(1,1)(1,1)(1,1)
(1,1)(1,2)(1,2)(1,2)(1,3)(1,4)(1,5)(1,4)(1,4)(1,4)(1,4)(1,3)(1,3)(1,2)(1,3)(1,4)(1,5)(1,3)(1,3)(1,5)(1,4)(1,3)(1,2)(1,4)(1,6)(1,8)
(1,8)(1,7)(1,5)(1,3)(1,2)(1,1)(2,5)(2,8)(1,5)(1,5)(1,4)(1,6)(1,7)(1,6)(1,5)(1,3)(1,2)(1,1)(1,3)(1,3)(1,5)(1,6)(1,7)(1,8)(1,9)(2,9)
(2,9)(3,8)(4,6)(3,7)(2,8)(1,8)(1,6)(1,5)(1,5)(1,4)(1,3)(1,1)(1,4)(1,8)(1,8)(1,6)(1,5)(1,7)(2,7)(2,5)(3,6)(3,5)(1,4)(1,4)(1,2)(1,1)
(1,1)(1,1)(1,2)(1,2)(1,1)(1,4)(1,4)(2,5)(2,6)(3,8)(3,8)(2,8)(1,9)(1,8)(1,7)(1,6)(1,6)(1,6)(1,5)(1,1)(1,2)(1,1)(1,1)(1,2)(1,3)(1,4)
(1,4)(1,5)(1,5)(1,2)(1,4)(1,3)(1,4)(1,6)(1,7)(1,6)(1,5)(1,5)(1,5)(1,5)(1,5)(1,4)(7,2)(3,1)(10,2)(2,3)(1,3)(1,1)(1,1)(1,2)(1,2)(1,2)
(1,2)(1,2)(1,2)(2,3)(2,5)(2,6)(2,6)(1,4)(1,3)(1,2)(1,2)(1,2)(1,4)(1,4)(1,5)(1,4)(1,2)(1,3)(1,4)(1,1)(1,2)(1,4)(1,3)(1,3)(1,2)(1,3)
(1,3)(1,2)(1,2)(1,3)(1,3)(1,2)(1,2)(1,2)(1,2)(1,4)(1,3)(1,3)(1,3)(1,2)(1,3)(1,3)(1,4)(1,3)(1,2)(1,2)(1,2)(1,2)(1,3)(1,4)(1,5)(2,6)
(2,6)(4,7)(5,7)(2,8)(1,7)(1,3)(1,2)(1,1)(1,1)(1,4)(1,5)(2,5)(2,4)(1,3)(1,3)(3,6)(2,5)(1,4)(1,1)(1,3)(1,3)(1,2)(1,1)(1,1)(1,2)(1,3)
(1,3)(1,1)(1,3)(2,4)(1,3)(1,3)(1,4)(1,3)(1,3)(1,1)(1,2)(1,5)(1,6)(1,2)(1,4)(1,4)(1,4)(1,4)(1,4)(1,4)(1,3)(1,2)(1,3)(1,4)(1,2)(1,1)
(1,1)(1,3)(1,2)(1,2)(1,3)(1,2)(1,1)(1,2)(1,2)(1,2)(1,4)(1,3)(1,2)(1,2)(1,1)(1,1)(1,1)(1,1)(1,1)(1,1)(1,1)(1,1)(1,2)(1,2)(1,2)(1,1)
(1,1)(1,3)(1,2)(1,4)(1,4)(1,3)(1,3)(1,3)(1,3)(1,2)(1,1)(1,1)(1,1)(1,1)(2,5)(1,5)(1,3)(1,1)(1,4)(1,4)(2,5)(2,5)(2,5)(2,4)(1,3)(1,2)
(1,2)(1,2)(1,2)(1,2)(1,1)(1,1)(1,2)(1,3)(1,2)(1,2)(1,2)(1,2)(1,3)(1,2)(1,2)(1,2)(2,3)(1,2)(1,2)(1,2)(1,2)(1,3)(1,3)(1,4)(1,2)(1,2)
(1,2)(1,3)(1,3)(1,3)(1,4)(2,3)(3,3)(2,2)(1,1)(2,2)(1,2)(1,2)(2,3)(3,3)(2,3)(1,2)(1,2)(1,2)(1,3)(1,3)(1,3)(1,2)(1,2)(1,1)
__________________________________________________________________________________________
